{
    "C_01_18mm": "[-0.9810602621904069 -0.1729873939250894 -0.08715574274765817 0] [0.17364817766693028 -0.984807753012208 0.0 0] [-0.08583165117743129 -0.015134435901338615 0.9961946980917455 0] [490.53013109520344 86.49369696254472 43.57787137382908 1]",
    "C_02_18mm": "[-0.9361168066628591 -0.34071865342161023 -0.08715574274765817 0] [0.3420201433256689 -0.9396926207859083 0.0 0] [-0.08189960831908932 -0.02980901962620917 0.9961946980917455 0] [468.0584033314296 170.35932671080505 43.57787137382908 1]",
    "C_03_18mm": "[-0.862729915662821 -0.4980973490458727 -0.08715574274765817 0] [0.49999999999999994 -0.8660254037844387 0.0 0] [-0.07547908730517333 -0.043577871373829076 0.9961946980917455 0] [431.36495783141044 249.04867452293635 43.57787137382908 1]",
    "C_04_18mm": "[-0.7631294127377696 -0.640341608768797 -0.08715574274765817 0] [0.6427876096865395 -0.7660444431189779 0.0 0] [-0.06676517241775069 -0.05602263155122214 0.9961946980917455 0] [381.5647063688848 320.17080438439837 43.57787137382908 1]",
    "C_05_18mm": "[-0.6403416087687969 -0.7631294127377697 -0.08715574274765817 0] [0.766044443118978 -0.6427876096865394 0.0 0] [-0.056022631551222134 -0.0667651724177507 0.9961946980917455 0] [320.1708043843984 381.5647063688848 43.57787137382908 1]",
    "C_06_18mm": "[-0.498097349045873 -0.8627299156628209 -0.08715574274765817 0] [0.8660254037844386 -0.5000000000000002 0.0 0] [-0.043577871373829104 -0.07547908730517332 0.9961946980917455 0] [249.04867452293644 431.36495783141044 43.57787137382908 1]",
    "C_07_18mm": "[-0.3407186534216103 -0.9361168066628591 -0.08715574274765817 0] [0.9396926207859083 -0.34202014332566893 0.0 0] [-0.029809019626209177 -0.08189960831908932 0.9961946980917455 0] [170.3593267108051 468.05840333142953 43.57787137382908 1]",
    "C_08_18mm": "[-0.17298739392508944 -0.9810602621904069 -0.08715574274765817 0] [0.984807753012208 -0.1736481776669303 0.0 0] [-0.015134435901338618 -0.08583165117743129 0.9961946980917455 0] [86.49369696254476 490.53013109520344 43.57787137382908 1]",
    "C_09_18mm": "[-1.602003257489115e-16 -0.9961946980917455 -0.08715574274765817 0] [1.0 -1.6081226496766366e-16 0.0 0] [-1.4015712396189935e-17 -0.08715574274765817 0.9961946980917455 0] [3.04996662086405e-14 498.09734904587276 43.57787137382908 1]",
    "C_10_18mm": "[0.17298739392508936 -0.981060262190407 -0.08715574274765817 0] [0.9848077530122081 0.17364817766693022 0.0 0] [0.01513443590133861 -0.08583165117743129 0.9961946980917455 0] [-86.4936969625447 490.53013109520344 43.57787137382908 1]",
    "C_11_18mm": "[0.34071865342160995 -0.9361168066628592 -0.08715574274765817 0] [0.9396926207859084 0.3420201433256686 0.0 0] [0.029809019626209146 -0.08189960831908934 0.9961946980917455 0] [-170.35932671080505 468.0584033314296 43.57787137382908 1]",
    "C_12_18mm": "[0.49809734904587266 -0.862729915662821 -0.08715574274765817 0] [0.8660254037844387 0.4999999999999999 0.0 0] [0.043577871373829076 -0.07547908730517333 0.9961946980917455 0] [-249.04867452293627 431.36495783141044 43.57787137382908 1]",
    "A_01_18mm": "[0.640341608768797 -0.7631294127377696 -0.08715574274765817 0] [0.7660444431189779 0.6427876096865395 0.0 0] [0.05602263155122214 -0.06676517241775069 0.9961946980917455 0] [-320.1708043843984 381.5647063688848 43.57787137382908 1]",
    "A_02_18mm": "[0.7631294127377695 -0.6403416087687972 -0.08715574274765817 0] [0.6427876096865397 0.7660444431189778 0.0 0] [0.06676517241775069 -0.05602263155122216 0.9961946980917455 0] [-381.56470636888474 320.1708043843985 43.57787137382908 1]",
    "A_03_18mm": "[0.862729915662821 -0.4980973490458727 -0.08715574274765817 0] [0.49999999999999994 0.8660254037844387 0.0 0] [0.07547908730517333 -0.043577871373829076 0.9961946980917455 0] [-431.36495783141044 249.04867452293635 43.57787137382908 1]",
    "A_04_18mm": "[0.9361168066628591 -0.3407186534216103 -0.08715574274765817 0] [0.34202014332566893 0.9396926207859083 0.0 0] [0.08189960831908932 -0.029809019626209177 0.9961946980917455 0] [-468.05840333142953 170.35932671080514 43.57787137382908 1]",
    "A_05_18mm": "[0.9810602621904069 -0.17298739392508944 -0.08715574274765817 0] [0.1736481776669303 0.984807753012208 0.0 0] [0.08583165117743129 -0.015134435901338618 0.9961946980917455 0] [-490.53013109520344 86.4936969625447 43.57787137382908 1]",
    "A_06_18mm": "[0.9961946980917455 -1.21998664834562e-16 -0.08715574274765817 0] [1.224646799147353e-16 1.0 0.0 0] [0.08715574274765817 -1.0673500138322969e-17 0.9961946980917455 0] [-498.09734904587276 6.0999332417281e-14 43.57787137382908 1]",
    "A_07_18mm": "[0.9810602621904069 0.17298739392508955 -0.08715574274765817 0] [-0.17364817766693044 0.984807753012208 0.0 0] [0.08583165117743129 0.01513443590133863 0.9961946980917455 0] [-490.53013109520344 -86.49369696254479 43.57787137382908 1]",
    "A_08_18mm": "[0.9361168066628592 0.34071865342161 -0.08715574274765817 0] [-0.34202014332566866 0.9396926207859084 0.0 0] [0.08189960831908934 0.029809019626209153 0.9961946980917455 0] [-468.0584033314296 -170.35932671080502 43.57787137382908 1]",
    "A_09_18mm": "[0.8627299156628209 0.4980973490458728 -0.08715574274765817 0] [-0.5 0.8660254037844386 0.0 0] [0.07547908730517332 0.04357787137382908 0.9961946980917455 0] [-431.36495783141044 -249.04867452293644 43.57787137382908 1]",
    "A_10_18mm": "[0.7631294127377697 0.6403416087687968 -0.08715574274765817 0] [-0.6427876096865393 0.766044443118978 0.0 0] [0.0667651724177507 0.05602263155122212 0.9961946980917455 0] [-381.5647063688848 -320.17080438439837 43.57787137382908 1]",
    "A_11_18mm": "[0.640341608768797 0.7631294127377696 -0.08715574274765817 0] [-0.7660444431189779 0.6427876096865395 0.0 0] [0.05602263155122214 0.06676517241775069 0.9961946980917455 0] [-320.1708043843985 -381.56470636888474 43.57787137382908 1]",
    "A_12_18mm": "[0.4980973490458732 0.8627299156628206 -0.08715574274765817 0] [-0.8660254037844384 0.5000000000000004 0.0 0] [0.043577871373829125 0.0754790873051733 0.9961946980917455 0] [-249.0486745229366 -431.3649578314104 43.57787137382908 1]",
    "B_01_18mm": "[0.34071865342160995 0.9361168066628592 -0.08715574274765817 0] [-0.9396926207859084 0.3420201433256686 0.0 0] [0.029809019626209146 0.08189960831908934 0.9961946980917455 0] [-170.35932671080496 -468.0584033314296 43.57787137382908 1]",
    "B_02_18mm": "[0.17298739392508952 0.9810602621904069 -0.08715574274765817 0] [-0.984807753012208 0.17364817766693041 0.0 0] [0.015134435901338627 0.08583165117743129 0.9961946980917455 0] [-86.49369696254472 -490.53013109520344 43.57787137382908 1]",
    "B_03_18mm": "[2.821989905834735e-16 0.9961946980917455 -0.08715574274765817 0] [-1.0 2.83276944882399e-16 0.0 0] [2.4689212534512908e-17 0.08715574274765817 0.9961946980917455 0] [-9.14989986259215e-14 -498.09734904587276 43.57787137382908 1]",
    "B_04_18mm": "[-0.172987393925089 0.981060262190407 -0.08715574274765817 0] [-0.9848077530122081 -0.17364817766692986 0.0 0] [-0.015134435901338578 0.08583165117743129 0.9961946980917455 0] [86.49369696254455 -490.5301310952035 43.57787137382908 1]",
    "B_05_18mm": "[-0.3407186534216103 0.9361168066628591 -0.08715574274765817 0] [-0.9396926207859083 -0.34202014332566893 0.0 0] [-0.029809019626209177 0.08189960831908932 0.9961946980917455 0] [170.35932671080516 -468.05840333142953 43.57787137382908 1]",
    "B_06_18mm": "[-0.498097349045873 0.8627299156628209 -0.08715574274765817 0] [-0.8660254037844386 -0.5000000000000002 0.0 0] [-0.043577871373829104 0.07547908730517332 0.9961946980917455 0] [249.04867452293644 -431.36495783141044 43.57787137382908 1]",
    "B_07_18mm": "[-0.6403416087687969 0.7631294127377697 -0.08715574274765817 0] [-0.766044443118978 -0.6427876096865394 0.0 0] [-0.056022631551222134 0.0667651724177507 0.9961946980917455 0] [320.17080438439837 -381.56470636888486 43.57787137382908 1]",
    "B_08_18mm": "[-0.7631294127377696 0.640341608768797 -0.08715574274765817 0] [-0.6427876096865395 -0.7660444431189779 0.0 0] [-0.06676517241775069 0.05602263155122214 0.9961946980917455 0] [381.5647063688847 -320.17080438439854 43.57787137382908 1]",
    "B_09_18mm": "[-0.8627299156628208 0.4980973490458731 -0.08715574274765817 0] [-0.5000000000000003 -0.8660254037844385 0.0 0] [-0.0754790873051733 0.04357787137382911 0.9961946980917455 0] [431.3649578314103 -249.0486745229366 43.57787137382908 1]",
    "B_10_18mm": "[-0.9361168066628592 0.34071865342160984 -0.08715574274765817 0] [-0.3420201433256685 -0.9396926207859084 0.0 0] [-0.08189960831908934 0.02980901962620914 0.9961946980917455 0] [468.0584033314296 -170.359326710805 43.57787137382908 1]",
    "B_11_18mm": "[-0.9810602621904069 0.1729873939250894 -0.08715574274765817 0] [-0.17364817766693028 -0.984807753012208 0.0 0] [-0.08583165117743129 0.015134435901338615 0.9961946980917455 0] [490.53013109520344 -86.49369696254475 43.57787137382908 1]",
    "B_12_18mm": "[-0.9961946980917455 1.2199866483456202e-16 -0.08715574274765817 0] [-1.2246467991473532e-16 -1.0 0.0 0] [-0.08715574274765817 1.0673500138322972e-17 0.9961946980917455 0] [498.09734904587276 -1.21998664834562e-13 43.57787137382908 1]"
}