{
    "C_01_18mm": "[-0.7544065067354889 -0.13302222155948895 -0.6427876096865393 0] [0.17364817766693028 -0.984807753012208 0.0 0] [-0.633022221559489 -0.1116188970489496 0.766044443118978 0] [528.0845547148423 93.1155550916423 449.95132678057746 1]",
    "C_02_18mm": "[-0.7198463103929541 -0.2620026302293851 -0.6427876096865393 0] [0.3420201433256689 -0.9396926207859083 0.0 0] [-0.6040227735550536 -0.21984631039295427 0.766044443118978 0] [503.89241727506794 183.40184116056946 449.95132678057746 1]",
    "C_03_18mm": "[-0.6634139481689384 -0.38302222155948895 -0.6427876096865393 0] [0.49999999999999994 -0.8660254037844387 0.0 0] [-0.5566703992264194 -0.32139380484326957 0.766044443118978 0] [464.3897637182569 268.11555509164225 449.95132678057746 1]",
    "C_04_18mm": "[-0.586824088833465 -0.4924038765061041 -0.6427876096865393 0] [0.6427876096865395 -0.7660444431189779 0.0 0] [-0.4924038765061039 -0.41317591116653485 0.766044443118978 0] [410.7768621834256 344.68271355427277 449.95132678057746 1]",
    "C_05_18mm": "[-0.49240387650610407 -0.5868240888334652 -0.6427876096865393 0] [0.766044443118978 -0.6427876096865394 0.0 0] [-0.4131759111665348 -0.49240387650610395 0.766044443118978 0] [344.6827135542728 410.7768621834256 449.95132678057746 1]",
    "C_06_18mm": "[-0.3830222215594892 -0.6634139481689384 -0.6427876096865393 0] [0.8660254037844386 -0.5000000000000002 0.0 0] [-0.3213938048432698 -0.5566703992264193 0.766044443118978 0] [268.11555509164236 464.38976371825686 449.95132678057746 1]",
    "C_07_18mm": "[-0.2620026302293851 -0.7198463103929541 -0.6427876096865393 0] [0.9396926207859083 -0.34202014332566893 0.0 0] [-0.2198463103929543 -0.6040227735550536 0.766044443118978 0] [183.40184116056952 503.8924172750679 449.95132678057746 1]",
    "C_08_18mm": "[-0.13302222155948915 -0.7544065067354889 -0.6427876096865393 0] [0.984807753012208 -0.17364817766693053 0.0 0] [-0.11161889704894976 -0.633022221559489 0.766044443118978 0] [93.11555509164235 528.0845547148423 449.95132678057746 1]",
    "C_09_18mm": "[-1.2318934196385545e-16 -0.766044443118978 -0.6427876096865393 0] [1.0 -1.6081226496766366e-16 0.0 0] [-1.0336813140684292e-16 -0.6427876096865393 0.766044443118978 0] [3.283468563445956e-14 536.2311101832846 449.95132678057746 1]",
    "C_10_18mm": "[0.13302222155948892 -0.754406506735489 -0.6427876096865393 0] [0.9848077530122081 0.17364817766693022 0.0 0] [0.11161889704894956 -0.633022221559489 0.766044443118978 0] [-93.11555509164229 528.0845547148423 449.95132678057746 1]",
    "C_11_18mm": "[0.262002630229385 -0.7198463103929541 -0.6427876096865393 0] [0.9396926207859083 0.3420201433256688 0.0 0] [0.21984631039295421 -0.6040227735550536 0.766044443118978 0] [-183.40184116056946 503.89241727506794 449.95132678057746 1]",
    "C_12_18mm": "[0.3830222215594888 -0.6634139481689385 -0.6427876096865393 0] [0.8660254037844388 0.4999999999999997 0.0 0] [0.32139380484326946 -0.5566703992264194 0.766044443118978 0] [-268.1155550916422 464.3897637182569 449.95132678057746 1]",
    "A_01_18mm": "[0.49240387650610407 -0.5868240888334652 -0.6427876096865393 0] [0.766044443118978 0.6427876096865394 0.0 0] [0.4131759111665348 -0.49240387650610395 0.766044443118978 0] [-344.6827135542728 410.7768621834256 449.95132678057746 1]",
    "A_02_18mm": "[0.586824088833465 -0.4924038765061041 -0.6427876096865393 0] [0.6427876096865395 0.7660444431189779 0.0 0] [0.4924038765061039 -0.41317591116653485 0.766044443118978 0] [-410.7768621834255 344.6827135542729 449.95132678057746 1]",
    "A_03_18mm": "[0.6634139481689384 -0.3830222215594889 -0.6427876096865393 0] [0.49999999999999983 0.8660254037844387 0.0 0] [0.5566703992264194 -0.3213938048432695 0.766044443118978 0] [-464.3897637182569 268.11555509164225 449.95132678057746 1]",
    "A_04_18mm": "[0.7198463103929541 -0.2620026302293851 -0.6427876096865393 0] [0.34202014332566893 0.9396926207859083 0.0 0] [0.6040227735550536 -0.2198463103929543 0.766044443118978 0] [-503.8924172750679 183.40184116056955 449.95132678057746 1]",
    "A_05_18mm": "[0.7544065067354889 -0.13302222155948895 -0.6427876096865393 0] [0.17364817766693028 0.984807753012208 0.0 0] [0.633022221559489 -0.1116188970489496 0.766044443118978 0] [-528.0845547148423 93.11555509164226 449.95132678057746 1]",
    "A_06_18mm": "[0.766044443118978 -9.381338752702731e-17 -0.6427876096865393 0] [1.2246467991473532e-16 1.0 0.0 0] [0.6427876096865393 -7.871877887341985e-17 0.766044443118978 0] [-536.2311101832846 6.566937126891912e-14 449.95132678057746 1]",
    "A_07_18mm": "[0.7544065067354889 0.13302222155948912 -0.6427876096865393 0] [-0.1736481776669305 0.984807753012208 0.0 0] [0.633022221559489 0.11161889704894974 0.766044443118978 0] [-528.0845547148423 -93.11555509164238 449.95132678057746 1]",
    "A_08_18mm": "[0.7198463103929542 0.2620026302293849 -0.6427876096865393 0] [-0.34202014332566866 0.9396926207859084 0.0 0] [0.6040227735550536 0.21984631039295413 0.766044443118978 0] [-503.89241727506794 -183.40184116056943 449.95132678057746 1]",
    "A_09_18mm": "[0.6634139481689384 0.3830222215594891 -0.6427876096865393 0] [-0.5000000000000001 0.8660254037844386 0.0 0] [0.5566703992264193 0.3213938048432697 0.766044443118978 0] [-464.38976371825686 -268.11555509164236 449.95132678057746 1]",
    "A_10_18mm": "[0.5868240888334652 0.49240387650610395 -0.6427876096865393 0] [-0.6427876096865393 0.766044443118978 0.0 0] [0.49240387650610395 0.41317591116653474 0.766044443118978 0] [-410.7768621834256 -344.68271355427277 449.95132678057746 1]",
    "A_11_18mm": "[0.4924038765061041 0.586824088833465 -0.6427876096865393 0] [-0.7660444431189779 0.6427876096865395 0.0 0] [0.41317591116653485 0.4924038765061039 0.766044443118978 0] [-344.6827135542729 -410.7768621834255 449.95132678057746 1]",
    "A_12_18mm": "[0.3830222215594893 0.6634139481689383 -0.6427876096865393 0] [-0.8660254037844385 0.5000000000000003 0.0 0] [0.32139380484326985 0.5566703992264191 0.766044443118978 0] [-268.11555509164253 -464.3897637182568 449.95132678057746 1]",
    "B_01_18mm": "[0.26200263022938486 0.7198463103929542 -0.6427876096865393 0] [-0.9396926207859084 0.3420201433256686 0.0 0] [0.21984631039295408 0.6040227735550536 0.766044443118978 0] [-183.40184116056938 -503.89241727506794 449.95132678057746 1]",
    "B_02_18mm": "[0.13302222155948906 0.7544065067354889 -0.6427876096865393 0] [-0.984807753012208 0.17364817766693041 0.0 0] [0.11161889704894969 0.633022221559489 0.766044443118978 0] [-93.1155550916423 -528.0845547148423 449.95132678057746 1]",
    "B_03_18mm": "[2.1700272949088276e-16 0.766044443118978 -0.6427876096865393 0] [-1.0 2.83276944882399e-16 0.0 0] [1.8208691028026276e-16 0.6427876096865393 0.766044443118978 0] [-9.850405690337867e-14 -536.2311101832846 449.95132678057746 1]",
    "B_04_18mm": "[-0.1330222215594888 0.754406506735489 -0.6427876096865393 0] [-0.9848077530122081 -0.17364817766693008 0.0 0] [-0.11161889704894948 0.633022221559489 0.766044443118978 0] [93.11555509164211 -528.0845547148423 449.95132678057746 1]",
    "B_05_18mm": "[-0.2620026302293851 0.7198463103929541 -0.6427876096865393 0] [-0.9396926207859083 -0.34202014332566893 0.0 0] [-0.2198463103929543 0.6040227735550536 0.766044443118978 0] [183.4018411605696 -503.8924172750679 449.95132678057746 1]",
    "B_06_18mm": "[-0.3830222215594892 0.6634139481689384 -0.6427876096865393 0] [-0.8660254037844386 -0.5000000000000002 0.0 0] [-0.3213938048432698 0.5566703992264193 0.766044443118978 0] [268.11555509164236 -464.38976371825686 449.95132678057746 1]",
    "B_07_18mm": "[-0.49240387650610407 0.5868240888334652 -0.6427876096865393 0] [-0.766044443118978 -0.6427876096865394 0.0 0] [-0.4131759111665348 0.49240387650610395 0.766044443118978 0] [344.68271355427277 -410.77686218342564 449.95132678057746 1]",
    "B_08_18mm": "[-0.586824088833465 0.4924038765061041 -0.6427876096865393 0] [-0.6427876096865395 -0.7660444431189779 0.0 0] [-0.4924038765061039 0.41317591116653485 0.766044443118978 0] [410.77686218342546 -344.68271355427294 449.95132678057746 1]",
    "B_09_18mm": "[-0.6634139481689383 0.3830222215594893 -0.6427876096865393 0] [-0.5000000000000003 -0.8660254037844385 0.0 0] [-0.5566703992264191 0.32139380484326985 0.766044443118978 0] [464.38976371825675 -268.11555509164253 449.95132678057746 1]",
    "B_10_18mm": "[-0.7198463103929542 0.26200263022938475 -0.6427876096865393 0] [-0.3420201433256685 -0.9396926207859084 0.0 0] [-0.6040227735550536 0.21984631039295402 0.766044443118978 0] [503.89241727506794 -183.4018411605694 449.95132678057746 1]",
    "B_11_18mm": "[-0.7544065067354889 0.13302222155948895 -0.6427876096865393 0] [-0.17364817766693028 -0.984807753012208 0.0 0] [-0.633022221559489 0.1116188970489496 0.766044443118978 0] [528.0845547148423 -93.11555509164234 449.95132678057746 1]",
    "B_12_18mm": "[-0.766044443118978 9.381338752702731e-17 -0.6427876096865393 0] [-1.2246467991473532e-16 -1.0 0.0 0] [-0.6427876096865393 7.871877887341985e-17 0.766044443118978 0] [536.2311101832846 -1.3133874253783823e-13 449.95132678057746 1]"
}