{
    "C_01_18mm": "[-0.8528685319524433 -0.15038373318043524 -0.49999999999999994 0] [0.17364817766693028 -0.984807753012208 0.0 0] [-0.49240387650610395 -0.08682408883346512 0.8660254037844387 0] [426.43426597622164 75.19186659021764 249.99999999999997 1]",
    "C_02_18mm": "[-0.8137976813493737 -0.29619813272602397 -0.49999999999999994 0] [0.3420201433256689 -0.9396926207859083 0.0 0] [-0.4698463103929541 -0.1710100716628344 0.8660254037844387 0] [406.8988406746869 148.09906636301193 249.99999999999997 1]",
    "C_03_18mm": "[-0.7500000000000001 -0.4330127018922193 -0.49999999999999994 0] [0.49999999999999994 -0.8660254037844387 0.0 0] [-0.4330127018922193 -0.24999999999999994 0.8660254037844387 0] [375.00000000000006 216.50635094610965 249.99999999999997 1]",
    "C_04_18mm": "[-0.6634139481689383 -0.5566703992264196 -0.49999999999999994 0] [0.6427876096865395 -0.7660444431189779 0.0 0] [-0.3830222215594889 -0.3213938048432697 0.8660254037844387 0] [331.7069740844692 278.3351996132097 249.99999999999997 1]",
    "C_05_18mm": "[-0.5566703992264195 -0.6634139481689384 -0.49999999999999994 0] [0.766044443118978 -0.6427876096865394 0.0 0] [-0.3213938048432696 -0.38302222155948895 0.8660254037844387 0] [278.33519961320974 331.7069740844692 249.99999999999997 1]",
    "C_06_18mm": "[-0.4330127018922195 -0.75 -0.49999999999999994 0] [0.8660254037844386 -0.5000000000000002 0.0 0] [-0.25000000000000006 -0.43301270189221924 0.8660254037844387 0] [216.50635094610973 375.0 249.99999999999997 1]",
    "C_07_18mm": "[-0.296198132726024 -0.8137976813493737 -0.49999999999999994 0] [0.9396926207859083 -0.34202014332566893 0.0 0] [-0.17101007166283444 -0.4698463103929541 0.8660254037844387 0] [148.09906636301199 406.8988406746868 249.99999999999997 1]",
    "C_08_18mm": "[-0.15038373318043546 -0.8528685319524433 -0.49999999999999994 0] [0.984807753012208 -0.17364817766693053 0.0 0] [-0.08682408883346525 -0.49240387650610395 0.8660254037844387 0] [75.19186659021769 426.43426597622164 249.99999999999997 1]",
    "C_09_18mm": "[-1.3926750670211107e-16 -0.8660254037844387 -0.49999999999999994 0] [1.0 -1.6081226496766366e-16 0.0 0] [-8.040613248383182e-17 -0.49999999999999994 0.8660254037844387 0] [2.6514380968122676e-14 433.01270189221935 249.99999999999997 1]",
    "C_10_18mm": "[0.1503837331804352 -0.8528685319524434 -0.49999999999999994 0] [0.9848077530122081 0.17364817766693022 0.0 0] [0.0868240888334651 -0.492403876506104 0.8660254037844387 0] [-75.19186659021763 426.43426597622164 249.99999999999997 1]",
    "C_11_18mm": "[0.29619813272602374 -0.8137976813493738 -0.49999999999999994 0] [0.9396926207859084 0.3420201433256686 0.0 0] [0.17101007166283427 -0.46984631039295416 0.8660254037844387 0] [-148.09906636301193 406.8988406746869 249.99999999999997 1]",
    "C_12_18mm": "[0.43301270189221924 -0.7500000000000001 -0.49999999999999994 0] [0.8660254037844387 0.4999999999999999 0.0 0] [0.24999999999999992 -0.4330127018922193 0.8660254037844387 0] [-216.5063509461096 375.00000000000006 249.99999999999997 1]",
    "A_01_18mm": "[0.5566703992264196 -0.6634139481689383 -0.49999999999999994 0] [0.7660444431189779 0.6427876096865395 0.0 0] [0.3213938048432697 -0.3830222215594889 0.8660254037844387 0] [-278.33519961320974 331.7069740844692 249.99999999999997 1]",
    "A_02_18mm": "[0.6634139481689383 -0.5566703992264197 -0.49999999999999994 0] [0.6427876096865397 0.7660444431189778 0.0 0] [0.38302222155948884 -0.3213938048432698 0.8660254037844387 0] [-331.70697408446915 278.3351996132098 249.99999999999997 1]",
    "A_03_18mm": "[0.7500000000000001 -0.4330127018922193 -0.49999999999999994 0] [0.49999999999999994 0.8660254037844387 0.0 0] [0.4330127018922193 -0.24999999999999994 0.8660254037844387 0] [-375.00000000000006 216.50635094610965 249.99999999999997 1]",
    "A_04_18mm": "[0.8137976813493737 -0.296198132726024 -0.49999999999999994 0] [0.34202014332566893 0.9396926207859083 0.0 0] [0.4698463103929541 -0.17101007166283444 0.8660254037844387 0] [-406.8988406746868 148.09906636301199 249.99999999999997 1]",
    "A_05_18mm": "[0.8528685319524433 -0.15038373318043527 -0.49999999999999994 0] [0.1736481776669303 0.984807753012208 0.0 0] [0.49240387650610395 -0.08682408883346514 0.8660254037844387 0] [-426.43426597622164 75.19186659021763 249.99999999999997 1]",
    "A_06_18mm": "[0.8660254037844387 -1.0605752387249069e-16 -0.49999999999999994 0] [1.2246467991473532e-16 1.0 0.0 0] [0.49999999999999994 -6.123233995736765e-17 0.8660254037844387 0] [-433.01270189221935 5.302876193624535e-14 249.99999999999997 1]",
    "A_07_18mm": "[0.8528685319524433 0.15038373318043538 -0.49999999999999994 0] [-0.17364817766693044 0.984807753012208 0.0 0] [0.49240387650610395 0.08682408883346521 0.8660254037844387 0] [-426.43426597622164 -75.1918665902177 249.99999999999997 1]",
    "A_08_18mm": "[0.8137976813493738 0.2961981327260238 -0.49999999999999994 0] [-0.34202014332566866 0.9396926207859084 0.0 0] [0.46984631039295416 0.1710100716628343 0.8660254037844387 0] [-406.8988406746869 -148.0990663630119 249.99999999999997 1]",
    "A_09_18mm": "[0.75 0.43301270189221946 -0.49999999999999994 0] [-0.5000000000000001 0.8660254037844386 0.0 0] [0.43301270189221924 0.25 0.8660254037844387 0] [-375.0 -216.50635094610973 249.99999999999997 1]",
    "A_10_18mm": "[0.6634139481689384 0.5566703992264194 -0.49999999999999994 0] [-0.6427876096865393 0.766044443118978 0.0 0] [0.38302222155948895 0.32139380484326957 0.8660254037844387 0] [-331.7069740844692 -278.3351996132097 249.99999999999997 1]",
    "A_11_18mm": "[0.5566703992264196 0.6634139481689383 -0.49999999999999994 0] [-0.7660444431189779 0.6427876096865395 0.0 0] [0.3213938048432697 0.3830222215594889 0.8660254037844387 0] [-278.3351996132098 -331.70697408446915 249.99999999999997 1]",
    "A_12_18mm": "[0.43301270189221974 0.7499999999999998 -0.49999999999999994 0] [-0.8660254037844384 0.5000000000000004 0.0 0] [0.25000000000000017 0.43301270189221913 0.8660254037844387 0] [-216.50635094610988 -374.99999999999994 249.99999999999997 1]",
    "B_01_18mm": "[0.29619813272602374 0.8137976813493738 -0.49999999999999994 0] [-0.9396926207859084 0.3420201433256686 0.0 0] [0.17101007166283427 0.46984631039295416 0.8660254037844387 0] [-148.09906636301184 -406.8988406746869 249.99999999999997 1]",
    "B_02_18mm": "[0.15038373318043535 0.8528685319524433 -0.49999999999999994 0] [-0.984807753012208 0.17364817766693041 0.0 0] [0.0868240888334652 0.49240387650610395 0.8660254037844387 0] [-75.19186659021764 -426.43426597622164 249.99999999999997 1]",
    "B_03_18mm": "[2.453250305746018e-16 0.8660254037844387 -0.49999999999999994 0] [-1.0 2.83276944882399e-16 0.0 0] [1.4163847244119947e-16 0.49999999999999994 0.8660254037844387 0] [-7.954314290436801e-14 -433.01270189221935 249.99999999999997 1]",
    "B_04_18mm": "[-0.15038373318043488 0.8528685319524434 -0.49999999999999994 0] [-0.9848077530122081 -0.17364817766692986 0.0 0] [-0.08682408883346492 0.492403876506104 0.8660254037844387 0] [75.19186659021749 -426.43426597622164 249.99999999999997 1]",
    "B_05_18mm": "[-0.296198132726024 0.8137976813493737 -0.49999999999999994 0] [-0.9396926207859083 -0.34202014332566893 0.0 0] [-0.17101007166283444 0.4698463103929541 0.8660254037844387 0] [148.09906636301204 -406.8988406746868 249.99999999999997 1]",
    "B_06_18mm": "[-0.4330127018922195 0.75 -0.49999999999999994 0] [-0.8660254037844386 -0.5000000000000002 0.0 0] [-0.25000000000000006 0.43301270189221924 0.8660254037844387 0] [216.50635094610973 -375.0 249.99999999999997 1]",
    "B_07_18mm": "[-0.5566703992264195 0.6634139481689384 -0.49999999999999994 0] [-0.766044443118978 -0.6427876096865394 0.0 0] [-0.3213938048432696 0.38302222155948895 0.8660254037844387 0] [278.3351996132097 -331.70697408446927 249.99999999999997 1]",
    "B_08_18mm": "[-0.6634139481689383 0.5566703992264196 -0.49999999999999994 0] [-0.6427876096865395 -0.7660444431189779 0.0 0] [-0.3830222215594889 0.3213938048432697 0.8660254037844387 0] [331.7069740844691 -278.3351996132098 249.99999999999997 1]",
    "B_09_18mm": "[-0.7499999999999999 0.43301270189221963 -0.49999999999999994 0] [-0.5000000000000003 -0.8660254037844385 0.0 0] [-0.4330127018922192 0.2500000000000001 0.8660254037844387 0] [374.9999999999999 -216.50635094610988 249.99999999999997 1]",
    "B_10_18mm": "[-0.8137976813493738 0.29619813272602363 -0.49999999999999994 0] [-0.3420201433256685 -0.9396926207859084 0.0 0] [-0.46984631039295416 0.17101007166283422 0.8660254037844387 0] [406.8988406746869 -148.09906636301187 249.99999999999997 1]",
    "B_11_18mm": "[-0.8528685319524433 0.15038373318043524 -0.49999999999999994 0] [-0.17364817766693028 -0.984807753012208 0.0 0] [-0.49240387650610395 0.08682408883346512 0.8660254037844387 0] [426.43426597622164 -75.19186659021767 249.99999999999997 1]",
    "B_12_18mm": "[-0.8660254037844387 1.0605752387249069e-16 -0.49999999999999994 0] [-1.2246467991473532e-16 -1.0 0.0 0] [-0.49999999999999994 6.123233995736765e-17 0.8660254037844387 0] [433.01270189221935 -1.060575238724907e-13 249.99999999999997 1]"
}