{
    "C_01_18mm": "[-0.984807753012208 -0.17364817766693028 -0.0 0] [0.17364817766693028 -0.984807753012208 0.0 0] [-0.0 0.0 1.0 0] [689.3654271085456 121.55372436685123 0.0 1]",
    "C_02_18mm": "[-0.9396926207859083 -0.3420201433256689 -0.0 0] [0.3420201433256689 -0.9396926207859083 0.0 0] [-0.0 0.0 1.0 0] [657.7848345501359 239.4141003279681 0.0 1]",
    "C_03_18mm": "[-0.8660254037844387 -0.49999999999999994 -0.0 0] [0.49999999999999994 -0.8660254037844387 0.0 0] [-0.0 0.0 1.0 0] [606.2177826491071 349.99999999999994 0.0 1]",
    "C_04_18mm": "[-0.7660444431189782 -0.6427876096865391 -0.0 0] [0.6427876096865391 -0.7660444431189782 0.0 0] [-0.0 0.0 1.0 0] [536.2311101832846 449.95132678057746 0.0 1]",
    "C_05_18mm": "[-0.6427876096865394 -0.766044443118978 -0.0 0] [0.766044443118978 -0.6427876096865394 0.0 0] [-0.0 0.0 1.0 0] [449.9513267805776 536.2311101832846 0.0 1]",
    "C_06_18mm": "[-0.5000000000000002 -0.8660254037844386 -0.0 0] [0.8660254037844386 -0.5000000000000002 0.0 0] [-0.0 0.0 1.0 0] [350.00000000000006 606.217782649107 0.0 1]",
    "C_07_18mm": "[-0.34202014332566893 -0.9396926207859083 -0.0 0] [0.9396926207859083 -0.34202014332566893 0.0 0] [-0.0 0.0 1.0 0] [239.41410032796819 657.7848345501358 0.0 1]",
    "C_08_18mm": "[-0.17364817766693053 -0.984807753012208 -0.0 0] [0.984807753012208 -0.17364817766693053 0.0 0] [-0.0 0.0 1.0 0] [121.55372436685128 689.3654271085456 0.0 1]",
    "C_09_18mm": "[-1.6081226496766366e-16 -1.0 -0.0 0] [1.0 -1.6081226496766366e-16 0.0 0] [-0.0 0.0 1.0 0] [4.2862637970157365e-14 700.0 0.0 1]",
    "C_10_18mm": "[0.17364817766693022 -0.9848077530122081 -0.0 0] [0.9848077530122081 0.17364817766693022 0.0 0] [0.0 -0.0 1.0 0] [-121.55372436685121 689.3654271085456 0.0 1]",
    "C_11_18mm": "[0.3420201433256686 -0.9396926207859084 -0.0 0] [0.9396926207859084 0.3420201433256686 0.0 0] [0.0 -0.0 1.0 0] [-239.4141003279681 657.7848345501359 0.0 1]",
    "C_12_18mm": "[0.4999999999999997 -0.8660254037844388 -0.0 0] [0.8660254037844388 0.4999999999999997 0.0 0] [0.0 -0.0 1.0 0] [-349.99999999999983 606.2177826491071 0.0 1]",
    "A_01_18mm": "[0.6427876096865394 -0.766044443118978 -0.0 0] [0.766044443118978 0.6427876096865394 0.0 0] [0.0 -0.0 1.0 0] [-449.9513267805776 536.2311101832846 0.0 1]",
    "A_02_18mm": "[0.7660444431189779 -0.6427876096865395 -0.0 0] [0.6427876096865395 0.7660444431189779 0.0 0] [0.0 -0.0 1.0 0] [-536.2311101832845 449.95132678057763 0.0 1]",
    "A_03_18mm": "[0.8660254037844387 -0.49999999999999994 -0.0 0] [0.49999999999999994 0.8660254037844387 0.0 0] [0.0 -0.0 1.0 0] [-606.2177826491071 349.99999999999994 0.0 1]",
    "A_04_18mm": "[0.9396926207859083 -0.34202014332566893 -0.0 0] [0.34202014332566893 0.9396926207859083 0.0 0] [0.0 -0.0 1.0 0] [-657.7848345501358 239.4141003279682 0.0 1]",
    "A_05_18mm": "[0.984807753012208 -0.17364817766693028 -0.0 0] [0.17364817766693028 0.984807753012208 0.0 0] [0.0 -0.0 1.0 0] [-689.3654271085456 121.5537243668512 0.0 1]",
    "A_06_18mm": "[1.0 -1.2246467991473532e-16 -0.0 0] [1.2246467991473532e-16 1.0 0.0 0] [0.0 -0.0 1.0 0] [-700.0 8.572527594031473e-14 0.0 1]",
    "A_07_18mm": "[0.984807753012208 0.17364817766693047 -0.0 0] [-0.17364817766693047 0.984807753012208 0.0 0] [0.0 0.0 1.0 0] [-689.3654271085456 -121.55372436685133 0.0 1]",
    "A_08_18mm": "[0.9396926207859084 0.34202014332566866 -0.0 0] [-0.34202014332566866 0.9396926207859084 0.0 0] [0.0 0.0 1.0 0] [-657.7848345501359 -239.41410032796807 0.0 1]",
    "A_09_18mm": "[0.8660254037844386 0.5000000000000001 -0.0 0] [-0.5000000000000001 0.8660254037844386 0.0 0] [0.0 0.0 1.0 0] [-606.217782649107 -350.00000000000006 0.0 1]",
    "A_10_18mm": "[0.766044443118978 0.6427876096865393 -0.0 0] [-0.6427876096865393 0.766044443118978 0.0 0] [0.0 0.0 1.0 0] [-536.2311101832846 -449.95132678057746 0.0 1]",
    "A_11_18mm": "[0.6427876096865395 0.7660444431189779 -0.0 0] [-0.7660444431189779 0.6427876096865395 0.0 0] [0.0 0.0 1.0 0] [-449.95132678057763 -536.2311101832845 0.0 1]",
    "A_12_18mm": "[0.5000000000000003 0.8660254037844385 -0.0 0] [-0.8660254037844385 0.5000000000000003 0.0 0] [0.0 0.0 1.0 0] [-350.0000000000003 -606.217782649107 0.0 1]",
    "B_01_18mm": "[0.3420201433256686 0.9396926207859084 -0.0 0] [-0.9396926207859084 0.3420201433256686 0.0 0] [0.0 0.0 1.0 0] [-239.414100327968 -657.7848345501359 0.0 1]",
    "B_02_18mm": "[0.17364817766693041 0.984807753012208 -0.0 0] [-0.984807753012208 0.17364817766693041 0.0 0] [0.0 0.0 1.0 0] [-121.55372436685123 -689.3654271085456 0.0 1]",
    "B_03_18mm": "[2.83276944882399e-16 1.0 -0.0 0] [-1.0 2.83276944882399e-16 0.0 0] [0.0 0.0 1.0 0] [-1.2858791391047208e-13 -700.0 0.0 1]",
    "B_04_18mm": "[-0.17364817766693008 0.9848077530122081 -0.0 0] [-0.9848077530122081 -0.17364817766693008 0.0 0] [0.0 0.0 1.0 0] [121.55372436685099 -689.3654271085456 0.0 1]",
    "B_05_18mm": "[-0.34202014332566893 0.9396926207859083 -0.0 0] [-0.9396926207859083 -0.34202014332566893 0.0 0] [0.0 0.0 1.0 0] [239.4141003279683 -657.7848345501358 0.0 1]",
    "B_06_18mm": "[-0.5000000000000002 0.8660254037844386 -0.0 0] [-0.8660254037844386 -0.5000000000000002 0.0 0] [0.0 0.0 1.0 0] [350.00000000000006 -606.217782649107 0.0 1]",
    "B_07_18mm": "[-0.6427876096865394 0.766044443118978 -0.0 0] [-0.766044443118978 -0.6427876096865394 0.0 0] [0.0 0.0 1.0 0] [449.95132678057746 -536.2311101832847 0.0 1]",
    "B_08_18mm": "[-0.7660444431189779 0.6427876096865395 -0.0 0] [-0.6427876096865395 -0.7660444431189779 0.0 0] [0.0 0.0 1.0 0] [536.2311101832845 -449.9513267805777 0.0 1]",
    "B_09_18mm": "[-0.8660254037844385 0.5000000000000003 -0.0 0] [-0.5000000000000003 -0.8660254037844385 0.0 0] [0.0 0.0 1.0 0] [606.2177826491069 -350.0000000000003 0.0 1]",
    "B_10_18mm": "[-0.9396926207859084 0.3420201433256685 -0.0 0] [-0.3420201433256685 -0.9396926207859084 0.0 0] [0.0 0.0 1.0 0] [657.7848345501359 -239.41410032796801 0.0 1]",
    "B_11_18mm": "[-0.984807753012208 0.17364817766693028 -0.0 0] [-0.17364817766693028 -0.984807753012208 0.0 0] [0.0 0.0 1.0 0] [689.3654271085456 -121.55372436685127 0.0 1]",
    "B_12_18mm": "[-1.0 1.2246467991473532e-16 -0.0 0] [-1.2246467991473532e-16 -1.0 0.0 0] [0.0 0.0 1.0 0] [700.0 -1.7145055188062946e-13 0.0 1]"
}