{
    "C_01_18mm": "[-0.9698463103929541 -0.1710100716628343 -0.17364817766693033 0] [0.17364817766693028 -0.984807753012208 0.0 0] [-0.17101007166283433 -0.030153689607045793 0.984807753012208 0] [581.9077862357724 102.6060429977006 104.1889066001582 1]",
    "C_02_18mm": "[-0.9254165783983233 -0.3368240888334653 -0.17364817766693033 0] [0.3420201433256689 -0.9396926207859083 0.0 0] [-0.1631759111665348 -0.059391174613884726 0.984807753012208 0] [555.2499470389939 202.09445330007907 104.1889066001582 1]",
    "C_03_18mm": "[-0.8528685319524433 -0.49240387650610395 -0.17364817766693033 0] [0.49999999999999994 -0.8660254037844387 0.0 0] [-0.1503837331804353 -0.08682408883346515 0.984807753012208 0] [511.7211191714659 295.4423259036623 104.1889066001582 1]",
    "C_04_18mm": "[-0.7544065067354888 -0.6330222215594892 -0.17364817766693033 0] [0.6427876096865395 -0.7660444431189779 0.0 0] [-0.13302222155948898 -0.11161889704894967 0.984807753012208 0] [452.6439040412933 379.8133329356933 104.1889066001582 1]",
    "C_05_18mm": "[-0.6330222215594891 -0.7544065067354889 -0.17364817766693033 0] [0.766044443118978 -0.6427876096865394 0.0 0] [-0.11161889704894966 -0.133022221559489 0.984807753012208 0] [379.8133329356934 452.6439040412933 104.1889066001582 1]",
    "C_06_18mm": "[-0.49240387650610423 -0.8528685319524432 -0.17364817766693033 0] [0.8660254037844386 -0.5000000000000002 0.0 0] [-0.08682408883346521 -0.15038373318043527 0.984807753012208 0] [295.44232590366244 511.72111917146583 104.1889066001582 1]",
    "C_07_18mm": "[-0.33682408883346515 -0.9254165783983234 -0.17364817766693033 0] [0.9396926207859084 -0.3420201433256687 0.0 0] [-0.0593911746138847 -0.16317591116653482 0.984807753012208 0] [202.09445330007912 555.2499470389939 104.1889066001582 1]",
    "C_08_18mm": "[-0.17101007166283452 -0.9698463103929541 -0.17364817766693033 0] [0.984807753012208 -0.17364817766693053 0.0 0] [-0.030153689607045835 -0.17101007166283433 0.984807753012208 0] [102.60604299770064 581.9077862357724 104.1889066001582 1]",
    "C_09_18mm": "[-1.5836916531960867e-16 -0.984807753012208 -0.17364817766693033 0] [1.0 -1.6081226496766366e-16 0.0 0] [-2.7924756758126337e-17 -0.17364817766693033 0.984807753012208 0] [3.618124987505693e-14 590.8846518073248 104.1889066001582 1]",
    "C_10_18mm": "[0.17101007166283425 -0.9698463103929542 -0.17364817766693033 0] [0.9848077530122081 0.17364817766693022 0.0 0] [0.030153689607045783 -0.17101007166283436 0.984807753012208 0] [-102.60604299770058 581.9077862357724 104.1889066001582 1]",
    "C_11_18mm": "[0.33682408883346504 -0.9254165783983234 -0.17364817766693033 0] [0.9396926207859084 0.3420201433256686 0.0 0] [0.05939117461388468 -0.16317591116653482 0.984807753012208 0] [-202.09445330007907 555.2499470389939 104.1889066001582 1]",
    "C_12_18mm": "[0.4924038765061039 -0.8528685319524433 -0.17364817766693033 0] [0.8660254037844387 0.4999999999999999 0.0 0] [0.08682408883346515 -0.1503837331804353 0.984807753012208 0] [-295.44232590366227 511.7211191714659 104.1889066001582 1]",
    "A_01_18mm": "[0.6330222215594891 -0.7544065067354889 -0.17364817766693033 0] [0.766044443118978 0.6427876096865394 0.0 0] [0.11161889704894966 -0.133022221559489 0.984807753012208 0] [-379.8133329356934 452.6439040412933 104.1889066001582 1]",
    "A_02_18mm": "[0.7544065067354888 -0.6330222215594892 -0.17364817766693033 0] [0.6427876096865395 0.7660444431189779 0.0 0] [0.13302222155948898 -0.11161889704894967 0.984807753012208 0] [-452.64390404129324 379.81333293569344 104.1889066001582 1]",
    "A_03_18mm": "[0.8528685319524433 -0.49240387650610395 -0.17364817766693033 0] [0.49999999999999994 0.8660254037844387 0.0 0] [0.1503837331804353 -0.08682408883346515 0.984807753012208 0] [-511.7211191714659 295.4423259036623 104.1889066001582 1]",
    "A_04_18mm": "[0.9254165783983233 -0.3368240888334654 -0.17364817766693033 0] [0.34202014332566893 0.9396926207859083 0.0 0] [0.1631759111665348 -0.05939117461388473 0.984807753012208 0] [-555.2499470389939 202.09445330007915 104.1889066001582 1]",
    "A_05_18mm": "[0.9698463103929541 -0.17101007166283433 -0.17364817766693033 0] [0.1736481776669303 0.984807753012208 0.0 0] [0.17101007166283433 -0.030153689607045796 0.984807753012208 0] [-581.9077862357724 102.60604299770057 104.1889066001582 1]",
    "A_06_18mm": "[0.984807753012208 -1.2060416625018976e-16 -0.17364817766693033 0] [1.2246467991473532e-16 1.0 0.0 0] [0.17364817766693033 -2.1265768495757713e-17 0.984807753012208 0] [-590.8846518073248 7.236249975011385e-14 104.1889066001582 1]",
    "A_07_18mm": "[0.9698463103929541 0.17101007166283447 -0.17364817766693033 0] [-0.17364817766693047 0.984807753012208 0.0 0] [0.17101007166283433 0.030153689607045824 0.984807753012208 0] [-581.9077862357724 -102.60604299770068 104.1889066001582 1]",
    "A_08_18mm": "[0.9254165783983234 0.33682408883346515 -0.17364817766693033 0] [-0.3420201433256687 0.9396926207859084 0.0 0] [0.16317591116653482 0.0593911746138847 0.984807753012208 0] [-555.2499470389939 -202.09445330007904 104.1889066001582 1]",
    "A_09_18mm": "[0.8528685319524432 0.4924038765061041 -0.17364817766693033 0] [-0.5000000000000001 0.8660254037844386 0.0 0] [0.15038373318043527 0.08682408883346518 0.984807753012208 0] [-511.72111917146583 -295.44232590366244 104.1889066001582 1]",
    "A_10_18mm": "[0.7544065067354889 0.633022221559489 -0.17364817766693033 0] [-0.6427876096865393 0.766044443118978 0.0 0] [0.133022221559489 0.11161889704894963 0.984807753012208 0] [-452.6439040412933 -379.8133329356933 104.1889066001582 1]",
    "A_11_18mm": "[0.6330222215594892 0.7544065067354888 -0.17364817766693033 0] [-0.7660444431189779 0.6427876096865395 0.0 0] [0.11161889704894967 0.13302222155948898 0.984807753012208 0] [-379.81333293569344 -452.64390404129324 104.1889066001582 1]",
    "A_12_18mm": "[0.49240387650610445 0.8528685319524429 -0.17364817766693033 0] [-0.8660254037844384 0.5000000000000004 0.0 0] [0.08682408883346525 0.15038373318043524 0.984807753012208 0] [-295.44232590366266 -511.7211191714658 104.1889066001582 1]",
    "B_01_18mm": "[0.33682408883346504 0.9254165783983234 -0.17364817766693033 0] [-0.9396926207859084 0.3420201433256686 0.0 0] [0.05939117461388468 0.16317591116653482 0.984807753012208 0] [-202.09445330007898 -555.2499470389939 104.1889066001582 1]",
    "B_02_18mm": "[0.1710100716628344 0.9698463103929541 -0.17364817766693033 0] [-0.984807753012208 0.17364817766693041 0.0 0] [0.030153689607045817 0.17101007166283433 0.984807753012208 0] [-102.6060429977006 -581.9077862357724 104.1889066001582 1]",
    "B_03_18mm": "[2.7897333156979846e-16 0.984807753012208 -0.17364817766693033 0] [-1.0 2.83276944882399e-16 0.0 0] [4.919052525388405e-17 0.17364817766693033 0.984807753012208 0] [-1.0854374962517078e-13 -590.8846518073248 104.1889066001582 1]",
    "B_04_18mm": "[-0.17101007166283388 0.9698463103929542 -0.17364817766693033 0] [-0.9848077530122081 -0.17364817766692986 0.0 0] [-0.03015368960704572 0.17101007166283436 0.984807753012208 0] [102.60604299770038 -581.9077862357725 104.1889066001582 1]",
    "B_05_18mm": "[-0.3368240888334654 0.9254165783983233 -0.17364817766693033 0] [-0.9396926207859083 -0.34202014332566893 0.0 0] [-0.05939117461388473 0.1631759111665348 0.984807753012208 0] [202.09445330007924 -555.2499470389939 104.1889066001582 1]",
    "B_06_18mm": "[-0.49240387650610423 0.8528685319524432 -0.17364817766693033 0] [-0.8660254037844386 -0.5000000000000002 0.0 0] [-0.08682408883346521 0.15038373318043527 0.984807753012208 0] [295.44232590366244 -511.72111917146583 104.1889066001582 1]",
    "B_07_18mm": "[-0.6330222215594891 0.7544065067354889 -0.17364817766693033 0] [-0.766044443118978 -0.6427876096865394 0.0 0] [-0.11161889704894966 0.133022221559489 0.984807753012208 0] [379.8133329356933 -452.6439040412934 104.1889066001582 1]",
    "B_08_18mm": "[-0.7544065067354888 0.6330222215594892 -0.17364817766693033 0] [-0.6427876096865395 -0.7660444431189779 0.0 0] [-0.13302222155948898 0.11161889704894967 0.984807753012208 0] [452.6439040412932 -379.8133329356935 104.1889066001582 1]",
    "B_09_18mm": "[-0.852868531952443 0.49240387650610434 -0.17364817766693033 0] [-0.5000000000000003 -0.8660254037844385 0.0 0] [-0.15038373318043524 0.08682408883346522 0.984807753012208 0] [511.7211191714657 -295.44232590366266 104.1889066001582 1]",
    "B_10_18mm": "[-0.9254165783983234 0.33682408883346493 -0.17364817766693033 0] [-0.3420201433256685 -0.9396926207859084 0.0 0] [-0.16317591116653482 0.059391174613884656 0.984807753012208 0] [555.2499470389939 -202.094453300079 104.1889066001582 1]",
    "B_11_18mm": "[-0.9698463103929541 0.1710100716628343 -0.17364817766693033 0] [-0.17364817766693028 -0.984807753012208 0.0 0] [-0.17101007166283433 0.030153689607045793 0.984807753012208 0] [581.9077862357724 -102.60604299770063 104.1889066001582 1]",
    "B_12_18mm": "[-0.984807753012208 1.2060416625018976e-16 -0.17364817766693033 0] [-1.2246467991473532e-16 -1.0 0.0 0] [-0.17364817766693033 2.1265768495757713e-17 0.984807753012208 0] [590.8846518073248 -1.447249995002277e-13 104.1889066001582 1]"
}