{
    "C_01_18mm": "[-0.9512512425641977 -0.16773125949652057 -0.25881904510252074 0] [0.17364817766693028 -0.984807753012208 0.0 0] [-0.25488700224417876 -0.04494345552754776 0.9659258262890683 0] [665.8758697949384 117.41188164756443 181.17333157176452 1]",
    "C_02_18mm": "[-0.9076733711903687 -0.3303660895493519 -0.25881904510252074 0] [0.3420201433256685 -0.9396926207859084 0.0 0] [-0.24321034680169396 -0.0885213269013768 0.9659258262890683 0] [635.3713598332581 231.25626268454647 181.17333157176452 1]",
    "C_03_18mm": "[-0.8365163037378079 -0.4829629131445341 -0.25881904510252074 0] [0.49999999999999994 -0.8660254037844387 0.0 0] [-0.2241438680420134 -0.12940952255126034 0.9659258262890683 0] [585.5614126164655 338.07403920117383 181.17333157176452 1]",
    "C_04_18mm": "[-0.7399421116938483 -0.6208851530148455 -0.25881904510252074 0] [0.6427876096865391 -0.7660444431189782 0.0 0] [-0.1982668912741462 -0.16636567534280186 0.9659258262890683 0] [517.9594781856936 434.6196071103919 181.17333157176452 1]",
    "C_05_18mm": "[-0.6208851530148457 -0.739942111693848 -0.25881904510252074 0] [0.766044443118978 -0.6427876096865394 0.0 0] [-0.16636567534280192 -0.19826689127414615 0.9659258262890683 0] [434.61960711039194 517.9594781856936 181.17333157176452 1]",
    "C_06_18mm": "[-0.4829629131445344 -0.8365163037378078 -0.25881904510252074 0] [0.8660254037844386 -0.5000000000000002 0.0 0] [-0.12940952255126043 -0.22414386804201336 0.9659258262890683 0] [338.07403920117395 585.5614126164655 181.17333157176452 1]",
    "C_07_18mm": "[-0.33036608954935215 -0.9076733711903687 -0.25881904510252074 0] [0.9396926207859084 -0.3420201433256687 0.0 0] [-0.08852132690137686 -0.24321034680169396 0.9659258262890683 0] [231.25626268454656 635.371359833258 181.17333157176452 1]",
    "C_08_18mm": "[-0.16773125949652082 -0.9512512425641977 -0.25881904510252074 0] [0.984807753012208 -0.17364817766693053 0.0 0] [-0.044943455527547825 -0.25488700224417876 0.9659258262890683 0] [117.41188164756448 665.8758697949384 181.17333157176452 1]",
    "C_09_18mm": "[-1.5533271991630711e-16 -0.9659258262890683 -0.25881904510252074 0] [1.0 -1.6081226496766366e-16 0.0 0] [-4.1621276859704255e-17 -0.25881904510252074 0.9659258262890683 0] [4.1402128998253444e-14 676.1480784023478 181.17333157176452 1]",
    "C_10_18mm": "[0.1677312594965207 -0.9512512425641977 -0.25881904510252074 0] [0.984807753012208 0.17364817766693041 0.0 0] [0.0449434555275478 -0.25488700224417876 0.9659258262890683 0] [-117.41188164756441 665.8758697949384 181.17333157176452 1]",
    "C_11_18mm": "[0.33036608954935204 -0.9076733711903687 -0.25881904510252074 0] [0.9396926207859084 0.3420201433256686 0.0 0] [0.08852132690137683 -0.24321034680169396 0.9659258262890683 0] [-231.25626268454647 635.3713598332581 181.17333157176452 1]",
    "C_12_18mm": "[0.4829629131445339 -0.836516303737808 -0.25881904510252074 0] [0.8660254037844388 0.4999999999999997 0.0 0] [0.1294095225512603 -0.22414386804201342 0.9659258262890683 0] [-338.0740392011737 585.5614126164655 181.17333157176452 1]",
    "A_01_18mm": "[0.6208851530148457 -0.739942111693848 -0.25881904510252074 0] [0.766044443118978 0.6427876096865394 0.0 0] [0.16636567534280192 -0.19826689127414615 0.9659258262890683 0] [-434.61960711039194 517.9594781856936 181.17333157176452 1]",
    "A_02_18mm": "[0.7399421116938479 -0.6208851530148458 -0.25881904510252074 0] [0.6427876096865395 0.7660444431189779 0.0 0] [0.19826689127414612 -0.16636567534280194 0.9659258262890683 0] [-517.9594781856936 434.619607110392 181.17333157176452 1]",
    "A_03_18mm": "[0.8365163037378079 -0.4829629131445341 -0.25881904510252074 0] [0.49999999999999994 0.8660254037844387 0.0 0] [0.2241438680420134 -0.12940952255126034 0.9659258262890683 0] [-585.5614126164655 338.07403920117383 181.17333157176452 1]",
    "A_04_18mm": "[0.9076733711903686 -0.3303660895493523 -0.25881904510252074 0] [0.34202014332566893 0.9396926207859083 0.0 0] [0.24321034680169393 -0.08852132690137691 0.9659258262890683 0] [-635.371359833258 231.25626268454658 181.17333157176452 1]",
    "A_05_18mm": "[0.9512512425641977 -0.16773125949652057 -0.25881904510252074 0] [0.17364817766693028 0.984807753012208 0.0 0] [0.25488700224417876 -0.04494345552754776 0.9659258262890683 0] [-665.8758697949384 117.41188164756439 181.17333157176452 1]",
    "A_06_18mm": "[0.9659258262890683 -1.18291797137867e-16 -0.25881904510252074 0] [1.2246467991473535e-16 1.0 0.0 0] [0.25881904510252074 -3.1696191514317656e-17 0.9659258262890683 0] [-676.1480784023478 8.280425799650689e-14 181.17333157176452 1]",
    "A_07_18mm": "[0.9512512425641977 0.16773125949652076 -0.25881904510252074 0] [-0.17364817766693047 0.984807753012208 0.0 0] [0.25488700224417876 0.04494345552754781 0.9659258262890683 0] [-665.8758697949384 -117.41188164756451 181.17333157176452 1]",
    "A_08_18mm": "[0.9076733711903687 0.33036608954935204 -0.25881904510252074 0] [-0.3420201433256686 0.9396926207859084 0.0 0] [0.24321034680169396 0.08852132690137683 0.9659258262890683 0] [-635.3713598332581 -231.25626268454644 181.17333157176452 1]",
    "A_09_18mm": "[0.8365163037378078 0.48296291314453416 -0.25881904510252074 0] [-0.5 0.8660254037844386 0.0 0] [0.22414386804201336 0.12940952255126037 0.9659258262890683 0] [-585.5614126164655 -338.07403920117395 181.17333157176452 1]",
    "A_10_18mm": "[0.739942111693848 0.6208851530148456 -0.25881904510252074 0] [-0.6427876096865393 0.766044443118978 0.0 0] [0.19826689127414615 0.1663656753428019 0.9659258262890683 0] [-517.9594781856936 -434.6196071103919 181.17333157176452 1]",
    "A_11_18mm": "[0.6208851530148458 0.7399421116938479 -0.25881904510252074 0] [-0.7660444431189779 0.6427876096865395 0.0 0] [0.16636567534280194 0.19826689127414612 0.9659258262890683 0] [-434.619607110392 -517.9594781856936 181.17333157176452 1]",
    "A_12_18mm": "[0.4829629131445346 0.8365163037378076 -0.25881904510252074 0] [-0.8660254037844384 0.5000000000000004 0.0 0] [0.12940952255126048 0.22414386804201328 0.9659258262890683 0] [-338.0740392011742 -585.5614126164654 181.17333157176452 1]",
    "B_01_18mm": "[0.33036608954935204 0.9076733711903687 -0.25881904510252074 0] [-0.9396926207859084 0.3420201433256686 0.0 0] [0.08852132690137683 0.24321034680169396 0.9659258262890683 0] [-231.25626268454636 -635.3713598332581 181.17333157176452 1]",
    "B_02_18mm": "[0.1677312594965207 0.9512512425641977 -0.25881904510252074 0] [-0.984807753012208 0.17364817766693041 0.0 0] [0.0449434555275478 0.25488700224417876 0.9659258262890683 0] [-117.41188164756443 -665.8758697949384 181.17333157176452 1]",
    "B_03_18mm": "[2.736245170541741e-16 0.9659258262890683 -0.25881904510252074 0] [-1.0 2.83276944882399e-16 0.0 0] [7.33174683740219e-17 0.25881904510252074 0.9659258262890683 0] [-1.242063869947603e-13 -676.1480784023478 181.17333157176452 1]",
    "B_04_18mm": "[-0.16773125949652015 0.9512512425641978 -0.25881904510252074 0] [-0.9848077530122081 -0.17364817766692986 0.0 0] [-0.04494345552754765 0.2548870022441788 0.9659258262890683 0] [117.41188164756419 -665.8758697949385 181.17333157176452 1]",
    "B_05_18mm": "[-0.3303660895493523 0.9076733711903686 -0.25881904510252074 0] [-0.9396926207859083 -0.34202014332566893 0.0 0] [-0.08852132690137691 0.24321034680169393 0.9659258262890683 0] [231.25626268454667 -635.371359833258 181.17333157176452 1]",
    "B_06_18mm": "[-0.4829629131445344 0.8365163037378078 -0.25881904510252074 0] [-0.8660254037844386 -0.5000000000000002 0.0 0] [-0.12940952255126043 0.22414386804201336 0.9659258262890683 0] [338.07403920117395 -585.5614126164655 181.17333157176452 1]",
    "B_07_18mm": "[-0.6208851530148457 0.739942111693848 -0.25881904510252074 0] [-0.766044443118978 -0.6427876096865394 0.0 0] [-0.16636567534280192 0.19826689127414615 0.9659258262890683 0] [434.6196071103919 -517.9594781856937 181.17333157176452 1]",
    "B_08_18mm": "[-0.7399421116938479 0.6208851530148458 -0.25881904510252074 0] [-0.6427876096865395 -0.7660444431189779 0.0 0] [-0.19826689127414612 0.16636567534280194 0.9659258262890683 0] [517.9594781856935 -434.6196071103921 181.17333157176452 1]",
    "B_09_18mm": "[-0.8365163037378077 0.4829629131445345 -0.25881904510252074 0] [-0.5000000000000003 -0.8660254037844385 0.0 0] [-0.22414386804201333 0.12940952255126045 0.9659258262890683 0] [585.5614126164653 -338.0740392011742 181.17333157176452 1]",
    "B_10_18mm": "[-0.9076733711903687 0.3303660895493519 -0.25881904510252074 0] [-0.3420201433256685 -0.9396926207859084 0.0 0] [-0.24321034680169396 0.0885213269013768 0.9659258262890683 0] [635.3713598332581 -231.25626268454639 181.17333157176452 1]",
    "B_11_18mm": "[-0.9512512425641977 0.16773125949652057 -0.25881904510252074 0] [-0.17364817766693028 -0.984807753012208 0.0 0] [-0.25488700224417876 0.04494345552754776 0.9659258262890683 0] [665.8758697949384 -117.41188164756447 181.17333157176452 1]",
    "B_12_18mm": "[-0.9659258262890683 1.1829179713786698e-16 -0.25881904510252074 0] [-1.2246467991473532e-16 -1.0 0.0 0] [-0.25881904510252074 3.169619151431765e-17 0.9659258262890683 0] [676.1480784023478 -1.6560851599301377e-13 181.17333157176452 1]"
}