{
    "C_01_18mm": "[-0.9254165783983234 -0.16317591116653477 -0.3420201433256687 0] [0.17364817766693028 -0.984807753012208 0.0 0] [-0.33682408883346515 -0.05939117461388468 0.9396926207859084 0] [370.16663135932936 65.27036446661393 136.80805733026747 1]",
    "C_02_18mm": "[-0.8830222215594891 -0.32139380484326946 -0.3420201433256687 0] [0.3420201433256685 -0.9396926207859084 0.0 0] [-0.3213938048432697 -0.1169777784405109 0.9396926207859084 0] [353.20888862379564 128.55752193730785 136.80805733026747 1]",
    "C_03_18mm": "[-0.8137976813493738 -0.46984631039295416 -0.3420201433256687 0] [0.49999999999999994 -0.8660254037844387 0.0 0] [-0.29619813272602386 -0.17101007166283433 0.9396926207859084 0] [325.5190725397495 187.93852415718166 136.80805733026747 1]",
    "C_04_18mm": "[-0.7198463103929541 -0.6040227735550538 -0.3420201433256687 0] [0.6427876096865395 -0.7660444431189779 0.0 0] [-0.2620026302293849 -0.21984631039295424 0.9396926207859084 0] [287.9385241571817 241.60910942202148 136.80805733026747 1]",
    "C_05_18mm": "[-0.6040227735550537 -0.7198463103929542 -0.3420201433256687 0] [0.766044443118978 -0.6427876096865394 0.0 0] [-0.2198463103929542 -0.2620026302293849 0.9396926207859084 0] [241.6091094220215 287.9385241571817 136.80805733026747 1]",
    "C_06_18mm": "[-0.46984631039295444 -0.8137976813493737 -0.3420201433256687 0] [0.8660254037844386 -0.5000000000000002 0.0 0] [-0.17101007166283444 -0.2961981327260238 0.9396926207859084 0] [187.93852415718172 325.51907253974946 136.80805733026747 1]",
    "C_07_18mm": "[-0.32139380484326985 -0.883022221559489 -0.3420201433256687 0] [0.9396926207859083 -0.34202014332566893 0.0 0] [-0.11697777844051105 -0.3213938048432696 0.9396926207859084 0] [128.5575219373079 353.2088886237956 136.80805733026747 1]",
    "C_08_18mm": "[-0.163175911166535 -0.9254165783983234 -0.3420201433256687 0] [0.984807753012208 -0.17364817766693053 0.0 0] [-0.05939117461388476 -0.33682408883346515 0.9396926207859084 0] [65.27036446661396 370.16663135932936 136.80805733026747 1]",
    "C_09_18mm": "[-1.5111409872198179e-16 -0.9396926207859084 -0.3420201433256687 0] [1.0 -1.6081226496766366e-16 0.0 0] [-5.500103391276574e-17 -0.3420201433256687 0.9396926207859084 0] [2.301583120455701e-14 375.8770483143634 136.80805733026747 1]",
    "C_10_18mm": "[0.1631759111665347 -0.9254165783983235 -0.3420201433256687 0] [0.9848077530122081 0.17364817766693022 0.0 0] [0.059391174613884656 -0.33682408883346515 0.9396926207859084 0] [-65.27036446661391 370.16663135932936 136.80805733026747 1]",
    "C_11_18mm": "[0.32139380484326957 -0.8830222215594891 -0.3420201433256687 0] [0.9396926207859084 0.3420201433256686 0.0 0] [0.11697777844051092 -0.3213938048432697 0.9396926207859084 0] [-128.55752193730785 353.20888862379564 136.80805733026747 1]",
    "C_12_18mm": "[0.46984631039295394 -0.8137976813493739 -0.3420201433256687 0] [0.8660254037844388 0.4999999999999997 0.0 0] [0.17101007166283427 -0.2961981327260239 0.9396926207859084 0] [-187.9385241571816 325.5190725397495 136.80805733026747 1]",
    "A_01_18mm": "[0.6040227735550537 -0.7198463103929542 -0.3420201433256687 0] [0.766044443118978 0.6427876096865394 0.0 0] [0.2198463103929542 -0.2620026302293849 0.9396926207859084 0] [-241.6091094220215 287.9385241571817 136.80805733026747 1]",
    "A_02_18mm": "[0.719846310392954 -0.6040227735550541 -0.3420201433256687 0] [0.6427876096865397 0.7660444431189778 0.0 0] [0.26200263022938486 -0.2198463103929543 0.9396926207859084 0] [-287.93852415718163 241.60910942202156 136.80805733026747 1]",
    "A_03_18mm": "[0.8137976813493738 -0.46984631039295416 -0.3420201433256687 0] [0.49999999999999994 0.8660254037844387 0.0 0] [0.29619813272602386 -0.17101007166283433 0.9396926207859084 0] [-325.5190725397495 187.93852415718166 136.80805733026747 1]",
    "A_04_18mm": "[0.883022221559489 -0.32139380484326985 -0.3420201433256687 0] [0.34202014332566893 0.9396926207859083 0.0 0] [0.3213938048432696 -0.11697777844051105 0.9396926207859084 0] [-353.2088886237956 128.55752193730794 136.80805733026747 1]",
    "A_05_18mm": "[0.9254165783983234 -0.1631759111665348 -0.3420201433256687 0] [0.1736481776669303 0.984807753012208 0.0 0] [0.33682408883346515 -0.059391174613884684 0.9396926207859084 0] [-370.16663135932936 65.27036446661391 136.80805733026747 1]",
    "A_06_18mm": "[0.9396926207859084 -1.1507915602278505e-16 -0.3420201433256687 0] [1.2246467991473535e-16 1.0 0.0 0] [0.3420201433256687 -4.1885387376769924e-17 0.9396926207859084 0] [-375.8770483143634 4.603166240911402e-14 136.80805733026747 1]",
    "A_07_18mm": "[0.9254165783983234 0.16317591116653496 -0.3420201433256687 0] [-0.17364817766693047 0.984807753012208 0.0 0] [0.33682408883346515 0.05939117461388475 0.9396926207859084 0] [-370.16663135932936 -65.27036446661398 136.80805733026747 1]",
    "A_08_18mm": "[0.8830222215594891 0.3213938048432696 -0.3420201433256687 0] [-0.34202014332566866 0.9396926207859084 0.0 0] [0.3213938048432697 0.11697777844051095 0.9396926207859084 0] [-353.20888862379564 -128.55752193730785 136.80805733026747 1]",
    "A_09_18mm": "[0.8137976813493737 0.4698463103929543 -0.3420201433256687 0] [-0.5000000000000001 0.8660254037844386 0.0 0] [0.2961981327260238 0.17101007166283438 0.9396926207859084 0] [-325.51907253974946 -187.93852415718172 136.80805733026747 1]",
    "A_10_18mm": "[0.7198463103929542 0.6040227735550537 -0.3420201433256687 0] [-0.6427876096865394 0.766044443118978 0.0 0] [0.2620026302293849 0.2198463103929542 0.9396926207859084 0] [-287.9385241571817 -241.60910942202148 136.80805733026747 1]",
    "A_11_18mm": "[0.6040227735550538 0.7198463103929541 -0.3420201433256687 0] [-0.7660444431189779 0.6427876096865395 0.0 0] [0.21984631039295424 0.2620026302293849 0.9396926207859084 0] [-241.60910942202156 -287.93852415718163 136.80805733026747 1]",
    "A_12_18mm": "[0.46984631039295466 0.8137976813493735 -0.3420201433256687 0] [-0.8660254037844384 0.5000000000000004 0.0 0] [0.1710100716628345 0.29619813272602374 0.9396926207859084 0] [-187.93852415718186 -325.51907253974946 136.80805733026747 1]",
    "B_01_18mm": "[0.32139380484326957 0.8830222215594891 -0.3420201433256687 0] [-0.9396926207859084 0.3420201433256686 0.0 0] [0.11697777844051092 0.3213938048432697 0.9396926207859084 0] [-128.5575219373078 -353.20888862379564 136.80805733026747 1]",
    "B_02_18mm": "[0.1631759111665349 0.9254165783983234 -0.3420201433256687 0] [-0.984807753012208 0.17364817766693041 0.0 0] [0.059391174613884726 0.33682408883346515 0.9396926207859084 0] [-65.27036446661393 -370.16663135932936 136.80805733026747 1]",
    "B_03_18mm": "[2.661932547447668e-16 0.9396926207859084 -0.3420201433256687 0] [-1.0 2.83276944882399e-16 0.0 0] [9.688642128953566e-17 0.3420201433256687 0.9396926207859084 0] [-6.904749361367101e-14 -375.8770483143634 136.80805733026747 1]",
    "B_04_18mm": "[-0.16317591116653438 0.9254165783983235 -0.3420201433256687 0] [-0.9848077530122081 -0.17364817766692986 0.0 0] [-0.05939117461388454 0.33682408883346515 0.9396926207859084 0] [65.2703644666138 -370.1666313593294 136.80805733026747 1]",
    "B_05_18mm": "[-0.32139380484326985 0.883022221559489 -0.3420201433256687 0] [-0.9396926207859083 -0.34202014332566893 0.0 0] [-0.11697777844051105 0.3213938048432696 0.9396926207859084 0] [128.55752193730797 -353.2088886237956 136.80805733026747 1]",
    "B_06_18mm": "[-0.46984631039295444 0.8137976813493737 -0.3420201433256687 0] [-0.8660254037844386 -0.5000000000000002 0.0 0] [-0.17101007166283444 0.2961981327260238 0.9396926207859084 0] [187.93852415718172 -325.51907253974946 136.80805733026747 1]",
    "B_07_18mm": "[-0.6040227735550537 0.7198463103929542 -0.3420201433256687 0] [-0.766044443118978 -0.6427876096865394 0.0 0] [-0.2198463103929542 0.2620026302293849 0.9396926207859084 0] [241.60910942202148 -287.93852415718175 136.80805733026747 1]",
    "B_08_18mm": "[-0.7198463103929541 0.6040227735550538 -0.3420201433256687 0] [-0.6427876096865395 -0.7660444431189779 0.0 0] [-0.2620026302293849 0.21984631039295424 0.9396926207859084 0] [287.93852415718163 -241.6091094220216 136.80805733026747 1]",
    "B_09_18mm": "[-0.8137976813493736 0.46984631039295455 -0.3420201433256687 0] [-0.5000000000000003 -0.8660254037844385 0.0 0] [-0.29619813272602374 0.17101007166283447 0.9396926207859084 0] [325.5190725397494 -187.93852415718186 136.80805733026747 1]",
    "B_10_18mm": "[-0.8830222215594891 0.32139380484326946 -0.3420201433256687 0] [-0.3420201433256685 -0.9396926207859084 0.0 0] [-0.3213938048432697 0.1169777784405109 0.9396926207859084 0] [353.20888862379564 -128.55752193730783 136.80805733026747 1]",
    "B_11_18mm": "[-0.9254165783983234 0.16317591116653477 -0.3420201433256687 0] [-0.17364817766693028 -0.984807753012208 0.0 0] [-0.33682408883346515 0.05939117461388468 0.9396926207859084 0] [370.16663135932936 -65.27036446661396 136.80805733026747 1]",
    "B_12_18mm": "[-0.9396926207859084 1.1507915602278503e-16 -0.3420201433256687 0] [-1.2246467991473532e-16 -1.0 0.0 0] [-0.3420201433256687 4.188538737676992e-17 0.9396926207859084 0] [375.8770483143634 -9.206332481822803e-14 136.80805733026747 1]"
}