{
    "C_01_18mm": "[-0.9698463103929541 -0.1710100716628343 -0.17364817766693033 0] [0.17364817766693028 -0.984807753012208 0.0 0] [-0.17101007166283433 -0.030153689607045793 0.984807753012208 0] [387.93852415718163 68.40402866513374 69.45927106677213 1]",
    "C_02_18mm": "[-0.9254165783983234 -0.33682408883346493 -0.17364817766693033 0] [0.3420201433256685 -0.9396926207859084 0.0 0] [-0.16317591116653482 -0.059391174613884656 0.984807753012208 0] [370.16663135932936 134.72963553338604 69.45927106677213 1]",
    "C_03_18mm": "[-0.8528685319524433 -0.49240387650610395 -0.17364817766693033 0] [0.49999999999999994 -0.8660254037844387 0.0 0] [-0.1503837331804353 -0.08682408883346515 0.984807753012208 0] [341.1474127809773 196.96155060244158 69.45927106677213 1]",
    "C_04_18mm": "[-0.7544065067354888 -0.6330222215594892 -0.17364817766693033 0] [0.6427876096865395 -0.7660444431189779 0.0 0] [-0.13302222155948898 -0.11161889704894967 0.984807753012208 0] [301.76260269419555 253.20888862379556 69.45927106677213 1]",
    "C_05_18mm": "[-0.6330222215594891 -0.7544065067354889 -0.17364817766693033 0] [0.766044443118978 -0.6427876096865394 0.0 0] [-0.11161889704894966 -0.133022221559489 0.984807753012208 0] [253.20888862379562 301.76260269419555 69.45927106677213 1]",
    "C_06_18mm": "[-0.49240387650610423 -0.8528685319524432 -0.17364817766693033 0] [0.8660254037844386 -0.5000000000000002 0.0 0] [-0.08682408883346521 -0.15038373318043527 0.984807753012208 0] [196.96155060244166 341.1474127809773 69.45927106677213 1]",
    "C_07_18mm": "[-0.3368240888334654 -0.9254165783983233 -0.17364817766693033 0] [0.9396926207859083 -0.34202014332566893 0.0 0] [-0.05939117461388473 -0.1631759111665348 0.984807753012208 0] [134.7296355333861 370.1666313593293 69.45927106677213 1]",
    "C_08_18mm": "[-0.17101007166283452 -0.9698463103929541 -0.17364817766693033 0] [0.984807753012208 -0.17364817766693053 0.0 0] [-0.030153689607045835 -0.17101007166283433 0.984807753012208 0] [68.40402866513377 387.93852415718163 69.45927106677213 1]",
    "C_09_18mm": "[-1.5836916531960867e-16 -0.984807753012208 -0.17364817766693033 0] [1.0 -1.6081226496766366e-16 0.0 0] [-2.7924756758126337e-17 -0.17364817766693033 0.984807753012208 0] [2.4120833250037956e-14 393.9231012048832 69.45927106677213 1]",
    "C_10_18mm": "[0.17101007166283425 -0.9698463103929542 -0.17364817766693033 0] [0.9848077530122081 0.17364817766693022 0.0 0] [0.030153689607045783 -0.17101007166283436 0.984807753012208 0] [-68.40402866513372 387.93852415718163 69.45927106677213 1]",
    "C_11_18mm": "[0.33682408883346504 -0.9254165783983234 -0.17364817766693033 0] [0.9396926207859084 0.3420201433256686 0.0 0] [0.05939117461388468 -0.16317591116653482 0.984807753012208 0] [-134.72963553338604 370.16663135932936 69.45927106677213 1]",
    "C_12_18mm": "[0.4924038765061039 -0.8528685319524433 -0.17364817766693033 0] [0.8660254037844387 0.4999999999999999 0.0 0] [0.08682408883346515 -0.1503837331804353 0.984807753012208 0] [-196.96155060244152 341.1474127809773 69.45927106677213 1]",
    "A_01_18mm": "[0.6330222215594891 -0.7544065067354889 -0.17364817766693033 0] [0.766044443118978 0.6427876096865394 0.0 0] [0.11161889704894966 -0.133022221559489 0.984807753012208 0] [-253.20888862379562 301.76260269419555 69.45927106677213 1]",
    "A_02_18mm": "[0.7544065067354888 -0.6330222215594892 -0.17364817766693033 0] [0.6427876096865395 0.7660444431189779 0.0 0] [0.13302222155948898 -0.11161889704894967 0.984807753012208 0] [-301.76260269419555 253.20888862379564 69.45927106677213 1]",
    "A_03_18mm": "[0.8528685319524433 -0.49240387650610395 -0.17364817766693033 0] [0.49999999999999994 0.8660254037844387 0.0 0] [0.1503837331804353 -0.08682408883346515 0.984807753012208 0] [-341.1474127809773 196.96155060244158 69.45927106677213 1]",
    "A_04_18mm": "[0.9254165783983233 -0.3368240888334654 -0.17364817766693033 0] [0.34202014332566893 0.9396926207859083 0.0 0] [0.1631759111665348 -0.05939117461388473 0.984807753012208 0] [-370.1666313593293 134.72963553338613 69.45927106677213 1]",
    "A_05_18mm": "[0.9698463103929541 -0.1710100716628343 -0.17364817766693033 0] [0.17364817766693028 0.984807753012208 0.0 0] [0.17101007166283433 -0.030153689607045793 0.984807753012208 0] [-387.93852415718163 68.40402866513371 69.45927106677213 1]",
    "A_06_18mm": "[0.984807753012208 -1.2060416625018979e-16 -0.17364817766693033 0] [1.2246467991473535e-16 1.0 0.0 0] [0.17364817766693033 -2.126576849575772e-17 0.984807753012208 0] [-393.9231012048832 4.824166650007591e-14 69.45927106677213 1]",
    "A_07_18mm": "[0.9698463103929541 0.1710100716628345 -0.17364817766693033 0] [-0.1736481776669305 0.984807753012208 0.0 0] [0.17101007166283433 0.03015368960704583 0.984807753012208 0] [-387.93852415718163 -68.4040286651338 69.45927106677213 1]",
    "A_08_18mm": "[0.9254165783983234 0.3368240888334651 -0.17364817766693033 0] [-0.34202014332566866 0.9396926207859084 0.0 0] [0.16317591116653482 0.059391174613884684 0.984807753012208 0] [-370.16663135932936 -134.72963553338604 69.45927106677213 1]",
    "A_09_18mm": "[0.8528685319524432 0.4924038765061041 -0.17364817766693033 0] [-0.5000000000000001 0.8660254037844386 0.0 0] [0.15038373318043527 0.08682408883346518 0.984807753012208 0] [-341.1474127809773 -196.96155060244166 69.45927106677213 1]",
    "A_10_18mm": "[0.7544065067354889 0.633022221559489 -0.17364817766693033 0] [-0.6427876096865393 0.766044443118978 0.0 0] [0.133022221559489 0.11161889704894963 0.984807753012208 0] [-301.76260269419555 -253.20888862379556 69.45927106677213 1]",
    "A_11_18mm": "[0.6330222215594892 0.7544065067354888 -0.17364817766693033 0] [-0.7660444431189779 0.6427876096865395 0.0 0] [0.11161889704894967 0.13302222155948898 0.984807753012208 0] [-253.20888862379564 -301.76260269419555 69.45927106677213 1]",
    "A_12_18mm": "[0.49240387650610434 0.852868531952443 -0.17364817766693033 0] [-0.8660254037844385 0.5000000000000003 0.0 0] [0.08682408883346522 0.15038373318043524 0.984807753012208 0] [-196.96155060244178 -341.1474127809772 69.45927106677213 1]",
    "B_01_18mm": "[0.33682408883346504 0.9254165783983234 -0.17364817766693033 0] [-0.9396926207859084 0.3420201433256686 0.0 0] [0.05939117461388468 0.16317591116653482 0.984807753012208 0] [-134.729635533386 -370.16663135932936 69.45927106677213 1]",
    "B_02_18mm": "[0.1710100716628344 0.9698463103929541 -0.17364817766693033 0] [-0.984807753012208 0.17364817766693041 0.0 0] [0.030153689607045817 0.17101007166283433 0.984807753012208 0] [-68.40402866513374 -387.93852415718163 69.45927106677213 1]",
    "B_03_18mm": "[2.7897333156979846e-16 0.984807753012208 -0.17364817766693033 0] [-1.0 2.83276944882399e-16 0.0 0] [4.919052525388405e-17 0.17364817766693033 0.984807753012208 0] [-7.236249975011385e-14 -393.9231012048832 69.45927106677213 1]",
    "B_04_18mm": "[-0.17101007166283388 0.9698463103929542 -0.17364817766693033 0] [-0.9848077530122081 -0.17364817766692986 0.0 0] [-0.03015368960704572 0.17101007166283436 0.984807753012208 0] [68.4040286651336 -387.9385241571817 69.45927106677213 1]",
    "B_05_18mm": "[-0.3368240888334654 0.9254165783983233 -0.17364817766693033 0] [-0.9396926207859083 -0.34202014332566893 0.0 0] [-0.05939117461388473 0.1631759111665348 0.984807753012208 0] [134.72963553338616 -370.1666313593293 69.45927106677213 1]",
    "B_06_18mm": "[-0.49240387650610423 0.8528685319524432 -0.17364817766693033 0] [-0.8660254037844386 -0.5000000000000002 0.0 0] [-0.08682408883346521 0.15038373318043527 0.984807753012208 0] [196.96155060244166 -341.1474127809773 69.45927106677213 1]",
    "B_07_18mm": "[-0.6330222215594891 0.7544065067354889 -0.17364817766693033 0] [-0.766044443118978 -0.6427876096865394 0.0 0] [-0.11161889704894966 0.133022221559489 0.984807753012208 0] [253.20888862379556 -301.7626026941956 69.45927106677213 1]",
    "B_08_18mm": "[-0.7544065067354888 0.6330222215594892 -0.17364817766693033 0] [-0.6427876096865395 -0.7660444431189779 0.0 0] [-0.13302222155948898 0.11161889704894967 0.984807753012208 0] [301.7626026941955 -253.2088886237957 69.45927106677213 1]",
    "B_09_18mm": "[-0.852868531952443 0.49240387650610434 -0.17364817766693033 0] [-0.5000000000000003 -0.8660254037844385 0.0 0] [-0.15038373318043524 0.08682408883346522 0.984807753012208 0] [341.14741278097716 -196.96155060244178 69.45927106677213 1]",
    "B_10_18mm": "[-0.9254165783983234 0.33682408883346493 -0.17364817766693033 0] [-0.3420201433256685 -0.9396926207859084 0.0 0] [-0.16317591116653482 0.059391174613884656 0.984807753012208 0] [370.16663135932936 -134.72963553338602 69.45927106677213 1]",
    "B_11_18mm": "[-0.9698463103929541 0.1710100716628343 -0.17364817766693033 0] [-0.17364817766693028 -0.984807753012208 0.0 0] [-0.17101007166283433 0.030153689607045793 0.984807753012208 0] [387.93852415718163 -68.40402866513377 69.45927106677213 1]",
    "B_12_18mm": "[-0.984807753012208 1.2060416625018976e-16 -0.17364817766693033 0] [-1.2246467991473532e-16 -1.0 0.0 0] [-0.17364817766693033 2.1265768495757713e-17 0.984807753012208 0] [393.9231012048832 -9.648333300015182e-14 69.45927106677213 1]"
}