{
    "C_01_18mm": "[-0.9698463103929541 -0.1710100716628343 -0.17364817766693033 0] [0.17364817766693028 -0.984807753012208 0.0 0] [-0.17101007166283433 -0.030153689607045793 0.984807753012208 0] [484.923155196477 85.50503583141716 86.82408883346517 1]",
    "C_02_18mm": "[-0.9254165783983233 -0.3368240888334653 -0.17364817766693033 0] [0.3420201433256689 -0.9396926207859083 0.0 0] [-0.1631759111665348 -0.059391174613884726 0.984807753012208 0] [462.70828919916164 168.41204441673256 86.82408883346517 1]",
    "C_03_18mm": "[-0.8528685319524433 -0.49240387650610395 -0.17364817766693033 0] [0.49999999999999994 -0.8660254037844387 0.0 0] [-0.1503837331804353 -0.08682408883346515 0.984807753012208 0] [426.4342659762216 246.20193825305196 86.82408883346517 1]",
    "C_04_18mm": "[-0.7544065067354888 -0.6330222215594892 -0.17364817766693033 0] [0.6427876096865395 -0.7660444431189779 0.0 0] [-0.13302222155948898 -0.11161889704894967 0.984807753012208 0] [377.2032533677444 316.51111077974446 86.82408883346517 1]",
    "C_05_18mm": "[-0.6330222215594891 -0.7544065067354889 -0.17364817766693033 0] [0.766044443118978 -0.6427876096865394 0.0 0] [-0.11161889704894966 -0.133022221559489 0.984807753012208 0] [316.5111107797445 377.2032533677444 86.82408883346517 1]",
    "C_06_18mm": "[-0.49240387650610423 -0.8528685319524432 -0.17364817766693033 0] [0.8660254037844386 -0.5000000000000002 0.0 0] [-0.08682408883346521 -0.15038373318043527 0.984807753012208 0] [246.20193825305205 426.4342659762215 86.82408883346517 1]",
    "C_07_18mm": "[-0.3368240888334654 -0.9254165783983233 -0.17364817766693033 0] [0.9396926207859083 -0.34202014332566893 0.0 0] [-0.05939117461388473 -0.1631759111665348 0.984807753012208 0] [168.4120444167326 462.7082891991616 86.82408883346517 1]",
    "C_08_18mm": "[-0.17101007166283452 -0.9698463103929541 -0.17364817766693033 0] [0.984807753012208 -0.17364817766693053 0.0 0] [-0.030153689607045835 -0.17101007166283433 0.984807753012208 0] [85.5050358314172 484.923155196477 86.82408883346517 1]",
    "C_09_18mm": "[-1.5836916531960867e-16 -0.984807753012208 -0.17364817766693033 0] [1.0 -1.6081226496766366e-16 0.0 0] [-2.7924756758126337e-17 -0.17364817766693033 0.984807753012208 0] [3.0151041562547445e-14 492.403876506104 86.82408883346517 1]",
    "C_10_18mm": "[0.17101007166283425 -0.9698463103929542 -0.17364817766693033 0] [0.9848077530122081 0.17364817766693022 0.0 0] [0.030153689607045783 -0.17101007166283436 0.984807753012208 0] [-85.50503583141715 484.923155196477 86.82408883346517 1]",
    "C_11_18mm": "[0.33682408883346504 -0.9254165783983234 -0.17364817766693033 0] [0.9396926207859084 0.3420201433256686 0.0 0] [0.05939117461388468 -0.16317591116653482 0.984807753012208 0] [-168.41204441673256 462.70828919916164 86.82408883346517 1]",
    "C_12_18mm": "[0.4924038765061039 -0.8528685319524433 -0.17364817766693033 0] [0.8660254037844387 0.4999999999999999 0.0 0] [0.08682408883346515 -0.1503837331804353 0.984807753012208 0] [-246.20193825305188 426.4342659762216 86.82408883346517 1]",
    "A_01_18mm": "[0.6330222215594892 -0.7544065067354888 -0.17364817766693033 0] [0.7660444431189779 0.6427876096865395 0.0 0] [0.11161889704894967 -0.13302222155948898 0.984807753012208 0] [-316.5111107797445 377.2032533677444 86.82408883346517 1]",
    "A_02_18mm": "[0.7544065067354887 -0.6330222215594894 -0.17364817766693033 0] [0.6427876096865397 0.7660444431189778 0.0 0] [0.13302222155948895 -0.11161889704894971 0.984807753012208 0] [-377.20325336774437 316.51111077974457 86.82408883346517 1]",
    "A_03_18mm": "[0.8528685319524433 -0.49240387650610395 -0.17364817766693033 0] [0.49999999999999994 0.8660254037844387 0.0 0] [0.1503837331804353 -0.08682408883346515 0.984807753012208 0] [-426.4342659762216 246.20193825305196 86.82408883346517 1]",
    "A_04_18mm": "[0.9254165783983233 -0.3368240888334654 -0.17364817766693033 0] [0.34202014332566893 0.9396926207859083 0.0 0] [0.1631759111665348 -0.05939117461388473 0.984807753012208 0] [-462.7082891991616 168.41204441673264 86.82408883346517 1]",
    "A_05_18mm": "[0.9698463103929541 -0.17101007166283433 -0.17364817766693033 0] [0.1736481776669303 0.984807753012208 0.0 0] [0.17101007166283433 -0.030153689607045796 0.984807753012208 0] [-484.923155196477 85.50503583141715 86.82408883346517 1]",
    "A_06_18mm": "[0.984807753012208 -1.2060416625018979e-16 -0.17364817766693033 0] [1.2246467991473535e-16 1.0 0.0 0] [0.17364817766693033 -2.126576849575772e-17 0.984807753012208 0] [-492.403876506104 6.030208312509489e-14 86.82408883346517 1]",
    "A_07_18mm": "[0.9698463103929541 0.17101007166283447 -0.17364817766693033 0] [-0.17364817766693047 0.984807753012208 0.0 0] [0.17101007166283433 0.030153689607045824 0.984807753012208 0] [-484.923155196477 -85.50503583141723 86.82408883346517 1]",
    "A_08_18mm": "[0.9254165783983234 0.3368240888334651 -0.17364817766693033 0] [-0.34202014332566866 0.9396926207859084 0.0 0] [0.16317591116653482 0.059391174613884684 0.984807753012208 0] [-462.70828919916164 -168.41204441673253 86.82408883346517 1]",
    "A_09_18mm": "[0.8528685319524432 0.4924038765061041 -0.17364817766693033 0] [-0.5000000000000001 0.8660254037844386 0.0 0] [0.15038373318043527 0.08682408883346518 0.984807753012208 0] [-426.4342659762215 -246.20193825305205 86.82408883346517 1]",
    "A_10_18mm": "[0.7544065067354889 0.633022221559489 -0.17364817766693033 0] [-0.6427876096865393 0.766044443118978 0.0 0] [0.133022221559489 0.11161889704894963 0.984807753012208 0] [-377.2032533677444 -316.51111077974446 86.82408883346517 1]",
    "A_11_18mm": "[0.6330222215594893 0.7544065067354887 -0.17364817766693033 0] [-0.7660444431189778 0.6427876096865396 0.0 0] [0.1116188970489497 0.13302222155948895 0.984807753012208 0] [-316.51111077974457 -377.20325336774437 86.82408883346517 1]",
    "A_12_18mm": "[0.49240387650610445 0.8528685319524429 -0.17364817766693033 0] [-0.8660254037844384 0.5000000000000004 0.0 0] [0.08682408883346525 0.15038373318043524 0.984807753012208 0] [-246.20193825305222 -426.43426597622147 86.82408883346517 1]",
    "B_01_18mm": "[0.33682408883346504 0.9254165783983234 -0.17364817766693033 0] [-0.9396926207859084 0.3420201433256686 0.0 0] [0.05939117461388468 0.16317591116653482 0.984807753012208 0] [-168.41204441673247 -462.70828919916164 86.82408883346517 1]",
    "B_02_18mm": "[0.1710100716628344 0.9698463103929541 -0.17364817766693033 0] [-0.984807753012208 0.17364817766693041 0.0 0] [0.030153689607045817 0.17101007166283433 0.984807753012208 0] [-85.50503583141716 -484.923155196477 86.82408883346517 1]",
    "B_03_18mm": "[2.7897333156979846e-16 0.984807753012208 -0.17364817766693033 0] [-1.0 2.83276944882399e-16 0.0 0] [4.919052525388405e-17 0.17364817766693033 0.984807753012208 0] [-9.045312468764232e-14 -492.403876506104 86.82408883346517 1]",
    "B_04_18mm": "[-0.1710100716628341 0.9698463103929542 -0.17364817766693033 0] [-0.9848077530122081 -0.17364817766693008 0.0 0] [-0.03015368960704576 0.17101007166283436 0.984807753012208 0] [85.50503583141699 -484.92315519647707 86.82408883346517 1]",
    "B_05_18mm": "[-0.33682408883346554 0.9254165783983231 -0.17364817766693033 0] [-0.9396926207859082 -0.3420201433256691 0.0 0] [-0.05939117461388477 0.16317591116653477 0.984807753012208 0] [168.4120444167327 -462.7082891991616 86.82408883346517 1]",
    "B_06_18mm": "[-0.49240387650610423 0.8528685319524432 -0.17364817766693033 0] [-0.8660254037844386 -0.5000000000000002 0.0 0] [-0.08682408883346521 0.15038373318043527 0.984807753012208 0] [246.20193825305205 -426.4342659762215 86.82408883346517 1]",
    "B_07_18mm": "[-0.6330222215594891 0.7544065067354889 -0.17364817766693033 0] [-0.766044443118978 -0.6427876096865394 0.0 0] [-0.11161889704894966 0.133022221559489 0.984807753012208 0] [316.51111077974446 -377.2032533677445 86.82408883346517 1]",
    "B_08_18mm": "[-0.7544065067354885 0.6330222215594895 -0.17364817766693033 0] [-0.6427876096865398 -0.7660444431189776 0.0 0] [-0.13302222155948892 0.11161889704894973 0.984807753012208 0] [377.2032533677443 -316.5111107797446 86.82408883346517 1]",
    "B_09_18mm": "[-0.852868531952443 0.49240387650610434 -0.17364817766693033 0] [-0.5000000000000003 -0.8660254037844385 0.0 0] [-0.15038373318043524 0.08682408883346522 0.984807753012208 0] [426.4342659762214 -246.20193825305222 86.82408883346517 1]",
    "B_10_18mm": "[-0.9254165783983234 0.33682408883346493 -0.17364817766693033 0] [-0.3420201433256685 -0.9396926207859084 0.0 0] [-0.16317591116653482 0.059391174613884656 0.984807753012208 0] [462.70828919916164 -168.4120444167325 86.82408883346517 1]",
    "B_11_18mm": "[-0.9698463103929541 0.1710100716628343 -0.17364817766693033 0] [-0.17364817766693028 -0.984807753012208 0.0 0] [-0.17101007166283433 0.030153689607045793 0.984807753012208 0] [484.923155196477 -85.50503583141719 86.82408883346517 1]",
    "B_12_18mm": "[-0.984807753012208 1.2060416625018976e-16 -0.17364817766693033 0] [-1.2246467991473532e-16 -1.0 0.0 0] [-0.17364817766693033 2.1265768495757713e-17 0.984807753012208 0] [492.403876506104 -1.2060416625018978e-13 86.82408883346517 1]"
}