{
    "C_01_18mm": "[-0.8925389352890299 -0.1573786956242626 -0.42261826174069944 0] [0.17364817766693028 -0.984807753012208 0.0 0] [-0.4161977407267834 -0.07338689100003822 0.9063077870366499 0] [446.26946764451503 78.68934781213133 211.30913087034972 1]",
    "C_02_18mm": "[-0.8516507396391464 -0.3099755192194448 -0.42261826174069944 0] [0.3420201433256689 -0.9396926207859083 0.0 0] [-0.3971312619671028 -0.14454395845259907 0.9063077870366499 0] [425.82536981957327 154.98775960972233 211.30913087034972 1]",
    "C_03_18mm": "[-0.7848855672213958 -0.4531538935183249 -0.42261826174069944 0] [0.49999999999999994 -0.8660254037844387 0.0 0] [-0.36599815077066683 -0.2113091308703497 0.9063077870366499 0] [392.4427836106979 226.57694675916247 211.30913087034972 1]",
    "C_04_18mm": "[-0.6942720440148841 -0.5825634160695852 -0.42261826174069944 0] [0.6427876096865391 -0.7660444431189782 0.0 0] [-0.3237443709670647 -0.27165378227418435 0.9063077870366499 0] [347.1360220074419 291.28170803479264 211.30913087034972 1]",
    "C_05_18mm": "[-0.5825634160695854 -0.6942720440148838 -0.42261826174069944 0] [0.766044443118978 -0.6427876096865394 0.0 0] [-0.27165378227418446 -0.3237443709670646 0.9063077870366499 0] [291.2817080347927 347.1360220074419 211.30913087034972 1]",
    "C_06_18mm": "[-0.4531538935183252 -0.7848855672213958 -0.42261826174069944 0] [0.8660254037844386 -0.5000000000000002 0.0 0] [-0.2113091308703498 -0.3659981507706668 0.9063077870366499 0] [226.57694675916255 392.4427836106979 211.30913087034972 1]",
    "C_07_18mm": "[-0.30997551921944483 -0.8516507396391464 -0.42261826174069944 0] [0.9396926207859083 -0.34202014332566893 0.0 0] [-0.1445439584525991 -0.3971312619671028 0.9063077870366499 0] [154.9877596097224 425.82536981957327 211.30913087034972 1]",
    "C_08_18mm": "[-0.15737869562426263 -0.8925389352890299 -0.42261826174069944 0] [0.984807753012208 -0.1736481776669303 0.0 0] [-0.07338689100003823 -0.4161977407267834 0.9063077870366499 0] [78.68934781213136 446.26946764451503 211.30913087034972 1]",
    "C_09_18mm": "[-1.4574540799119464e-16 -0.9063077870366499 -0.42261826174069944 0] [1.0 -1.6081226496766366e-16 0.0 0] [-6.79621998872188e-17 -0.42261826174069944 0.9063077870366499 0] [2.7747673260918863e-14 453.153893518325 211.30913087034972 1]",
    "C_10_18mm": "[0.15737869562426254 -0.89253893528903 -0.42261826174069944 0] [0.9848077530122081 0.17364817766693022 0.0 0] [0.0733868910000382 -0.41619774072678345 0.9063077870366499 0] [-78.68934781213132 446.26946764451503 211.30913087034972 1]",
    "C_11_18mm": "[0.3099755192194448 -0.8516507396391464 -0.42261826174069944 0] [0.9396926207859083 0.3420201433256688 0.0 0] [0.14454395845259904 -0.3971312619671028 0.9063077870366499 0] [-154.98775960972233 425.82536981957327 211.30913087034972 1]",
    "C_12_18mm": "[0.45315389351832486 -0.7848855672213958 -0.42261826174069944 0] [0.8660254037844387 0.4999999999999999 0.0 0] [0.21130913087034967 -0.36599815077066683 0.9063077870366499 0] [-226.57694675916238 392.4427836106979 211.30913087034972 1]",
    "A_01_18mm": "[0.5825634160695854 -0.6942720440148838 -0.42261826174069944 0] [0.766044443118978 0.6427876096865394 0.0 0] [0.27165378227418446 -0.3237443709670646 0.9063077870366499 0] [-291.2817080347927 347.1360220074419 211.30913087034972 1]",
    "A_02_18mm": "[0.6942720440148837 -0.5825634160695855 -0.42261826174069944 0] [0.6427876096865395 0.7660444431189779 0.0 0] [0.32374437096706454 -0.27165378227418446 0.9063077870366499 0] [-347.13602200744185 291.28170803479276 211.30913087034972 1]",
    "A_03_18mm": "[0.7848855672213958 -0.4531538935183249 -0.42261826174069944 0] [0.49999999999999994 0.8660254037844387 0.0 0] [0.36599815077066683 -0.2113091308703497 0.9063077870366499 0] [-392.4427836106979 226.57694675916247 211.30913087034972 1]",
    "A_04_18mm": "[0.8516507396391464 -0.30997551921944483 -0.42261826174069944 0] [0.34202014332566893 0.9396926207859083 0.0 0] [0.3971312619671028 -0.1445439584525991 0.9063077870366499 0] [-425.82536981957327 154.98775960972242 211.30913087034972 1]",
    "A_05_18mm": "[0.8925389352890299 -0.15737869562426257 -0.42261826174069944 0] [0.17364817766693025 0.984807753012208 0.0 0] [0.4161977407267834 -0.0733868910000382 0.9063077870366499 0] [-446.26946764451503 78.6893478121313 211.30913087034972 1]",
    "A_06_18mm": "[0.9063077870366499 -1.1099069304367545e-16 -0.42261826174069944 0] [1.2246467991473532e-16 1.0 0.0 0] [0.42261826174069944 -5.175581015019659e-17 0.9063077870366499 0] [-453.153893518325 5.5495346521837726e-14 211.30913087034972 1]",
    "A_07_18mm": "[0.8925389352890299 0.15737869562426274 -0.42261826174069944 0] [-0.17364817766693044 0.984807753012208 0.0 0] [0.4161977407267834 0.07338689100003828 0.9063077870366499 0] [-446.26946764451503 -78.68934781213139 211.30913087034972 1]",
    "A_08_18mm": "[0.8516507396391465 0.3099755192194446 -0.42261826174069944 0] [-0.34202014332566866 0.9396926207859084 0.0 0] [0.39713126196710286 0.144543958452599 0.9063077870366499 0] [-425.82536981957327 -154.9877596097223 211.30913087034972 1]",
    "A_09_18mm": "[0.7848855672213958 0.4531538935183251 -0.42261826174069944 0] [-0.5000000000000001 0.8660254037844386 0.0 0] [0.3659981507706668 0.21130913087034978 0.9063077870366499 0] [-392.4427836106979 -226.57694675916255 211.30913087034972 1]",
    "A_10_18mm": "[0.6942720440148838 0.5825634160695853 -0.42261826174069944 0] [-0.6427876096865393 0.766044443118978 0.0 0] [0.3237443709670646 0.2716537822741844 0.9063077870366499 0] [-347.1360220074419 -291.28170803479264 211.30913087034972 1]",
    "A_11_18mm": "[0.5825634160695855 0.6942720440148837 -0.42261826174069944 0] [-0.7660444431189779 0.6427876096865395 0.0 0] [0.27165378227418446 0.32374437096706454 0.9063077870366499 0] [-291.28170803479276 -347.13602200744185 211.30913087034972 1]",
    "A_12_18mm": "[0.45315389351832525 0.7848855672213957 -0.42261826174069944 0] [-0.8660254037844385 0.5000000000000003 0.0 0] [0.21130913087034986 0.3659981507706667 0.9063077870366499 0] [-226.5769467591627 -392.44278361069786 211.30913087034972 1]",
    "B_01_18mm": "[0.30997551921944455 0.8516507396391465 -0.42261826174069944 0] [-0.9396926207859084 0.3420201433256686 0.0 0] [0.14454395845259896 0.39713126196710286 0.9063077870366499 0] [-154.98775960972225 -425.82536981957327 211.30913087034972 1]",
    "B_02_18mm": "[0.1573786956242627 0.8925389352890299 -0.42261826174069944 0] [-0.984807753012208 0.17364817766693041 0.0 0] [0.07338689100003827 0.4161977407267834 0.9063077870366499 0] [-78.68934781213133 -446.26946764451503 211.30913087034972 1]",
    "B_03_18mm": "[2.5673610103487006e-16 0.9063077870366499 -0.42261826174069944 0] [-1.0 2.83276944882399e-16 0.0 0] [1.197180100374154e-16 0.42261826174069944 0.9063077870366499 0] [-8.324301978275657e-14 -453.153893518325 211.30913087034972 1]",
    "B_04_18mm": "[-0.1573786956242622 0.89253893528903 -0.42261826174069944 0] [-0.9848077530122081 -0.17364817766692986 0.0 0] [-0.07338689100003805 0.41619774072678345 0.9063077870366499 0] [78.68934781213116 -446.2694676445151 211.30913087034972 1]",
    "B_05_18mm": "[-0.30997551921944483 0.8516507396391464 -0.42261826174069944 0] [-0.9396926207859083 -0.34202014332566893 0.0 0] [-0.1445439584525991 0.3971312619671028 0.9063077870366499 0] [154.98775960972245 -425.82536981957327 211.30913087034972 1]",
    "B_06_18mm": "[-0.4531538935183252 0.7848855672213958 -0.42261826174069944 0] [-0.8660254037844386 -0.5000000000000002 0.0 0] [-0.2113091308703498 0.3659981507706668 0.9063077870366499 0] [226.57694675916255 -392.4427836106979 211.30913087034972 1]",
    "B_07_18mm": "[-0.5825634160695854 0.6942720440148838 -0.42261826174069944 0] [-0.766044443118978 -0.6427876096865394 0.0 0] [-0.27165378227418446 0.3237443709670646 0.9063077870366499 0] [291.28170803479264 -347.13602200744197 211.30913087034972 1]",
    "B_08_18mm": "[-0.6942720440148837 0.5825634160695855 -0.42261826174069944 0] [-0.6427876096865395 -0.7660444431189779 0.0 0] [-0.32374437096706454 0.27165378227418446 0.9063077870366499 0] [347.13602200744185 -291.2817080347928 211.30913087034972 1]",
    "B_09_18mm": "[-0.7848855672213957 0.45315389351832525 -0.42261826174069944 0] [-0.5000000000000003 -0.8660254037844385 0.0 0] [-0.3659981507706667 0.21130913087034986 0.9063077870366499 0] [392.4427836106978 -226.5769467591627 211.30913087034972 1]",
    "B_10_18mm": "[-0.8516507396391465 0.30997551921944444 -0.42261826174069944 0] [-0.3420201433256685 -0.9396926207859084 0.0 0] [-0.39713126196710286 0.1445439584525989 0.9063077870366499 0] [425.82536981957327 -154.98775960972227 211.30913087034972 1]",
    "B_11_18mm": "[-0.8925389352890299 0.1573786956242626 -0.42261826174069944 0] [-0.17364817766693028 -0.984807753012208 0.0 0] [-0.4161977407267834 0.07338689100003822 0.9063077870366499 0] [446.26946764451503 -78.68934781213136 211.30913087034972 1]",
    "B_12_18mm": "[-0.9063077870366499 1.1099069304367545e-16 -0.42261826174069944 0] [-1.2246467991473532e-16 -1.0 0.0 0] [-0.42261826174069944 5.175581015019659e-17 0.9063077870366499 0] [453.153893518325 -1.1099069304367545e-13 211.30913087034972 1]"
}