{
    "C_01_18mm": "[-0.8067072841115988 -0.14224425972292398 -0.573576436351046 0] [0.17364817766693028 -0.984807753012208 0.0 0] [-0.5648625214636234 -0.09960050292505117 0.8191520442889918 0] [564.6950988781192 99.57098180604683 401.50350544573223 1]",
    "C_02_18mm": "[-0.7697511313200571 -0.28016649959323564 -0.573576436351046 0] [0.3420201433256689 -0.9396926207859083 0.0 0] [-0.5389855446957562 -0.19617469496901116 0.8191520442889918 0] [538.8257919240401 196.11654971526488 401.50350544573223 1]",
    "C_03_18mm": "[-0.7094064799162225 -0.40957602214449584 -0.573576436351046 0] [0.49999999999999994 -0.8660254037844387 0.0 0] [-0.49673176489215404 -0.28678821817552297 0.8191520442889918 0] [496.58453594135585 286.7032155011471 401.50350544573223 1]",
    "C_04_18mm": "[-0.6275068715971334 -0.5265407845183631 -0.573576436351046 0] [0.6427876096865391 -0.7660444431189782 0.0 0] [-0.43938504177070514 -0.36868782649461224 0.8191520442889918 0] [439.25481011799326 368.57854916285424 401.50350544573223 1]",
    "C_05_18mm": "[-0.5265407845183633 -0.6275068715971331 -0.573576436351046 0] [0.766044443118978 -0.6427876096865394 0.0 0] [-0.3686878264946124 -0.43938504177070503 0.8191520442889918 0] [368.5785491628543 439.25481011799326 401.50350544573223 1]",
    "C_06_18mm": "[-0.40957602214449607 -0.7094064799162224 -0.573576436351046 0] [0.8660254037844386 -0.5000000000000002 0.0 0] [-0.28678821817552314 -0.496731764892154 0.8191520442889918 0] [286.7032155011472 496.58453594135574 401.50350544573223 1]",
    "C_07_18mm": "[-0.2801664995932357 -0.7697511313200571 -0.573576436351046 0] [0.9396926207859083 -0.34202014332566893 0.0 0] [-0.1961746949690112 -0.5389855446957562 0.8191520442889918 0] [196.11654971526494 538.82579192404 401.50350544573223 1]",
    "C_08_18mm": "[-0.142244259722924 -0.8067072841115988 -0.573576436351046 0] [0.984807753012208 -0.1736481776669303 0.0 0] [-0.09960050292505118 -0.5648625214636234 0.8191520442889918 0] [99.57098180604687 564.6950988781192 401.50350544573223 1]",
    "C_09_18mm": "[-1.317296955950047e-16 -0.8191520442889918 -0.573576436351046 0] [1.0 -1.6081226496766366e-16 0.0 0] [-9.223812586169269e-17 -0.573576436351046 0.8191520442889918 0] [3.5111017516873367e-14 573.4064310022943 401.50350544573223 1]",
    "C_10_18mm": "[0.14224425972292393 -0.8067072841115989 -0.573576436351046 0] [0.9848077530122081 0.17364817766693022 0.0 0] [0.09960050292505114 -0.5648625214636235 0.8191520442889918 0] [-99.57098180604682 564.6950988781192 401.50350544573223 1]",
    "C_11_18mm": "[0.2801664995932354 -0.7697511313200572 -0.573576436351046 0] [0.9396926207859084 0.3420201433256686 0.0 0] [0.196174694969011 -0.5389855446957562 0.8191520442889918 0] [-196.11654971526488 538.8257919240401 401.50350544573223 1]",
    "C_12_18mm": "[0.4095760221444958 -0.7094064799162225 -0.573576436351046 0] [0.8660254037844387 0.4999999999999999 0.0 0] [0.28678821817552297 -0.49673176489215404 0.8191520442889918 0] [-286.70321550114704 496.58453594135585 401.50350544573223 1]",
    "A_01_18mm": "[0.5265407845183632 -0.6275068715971333 -0.573576436351046 0] [0.7660444431189781 0.6427876096865393 0.0 0] [0.3686878264946123 -0.4393850417707051 0.8191520442889918 0] [-368.5785491628543 439.25481011799326 401.50350544573223 1]",
    "A_02_18mm": "[0.6275068715971329 -0.5265407845183635 -0.573576436351046 0] [0.6427876096865397 0.7660444431189778 0.0 0] [0.43938504177070487 -0.36868782649461257 0.8191520442889918 0] [-439.25481011799315 368.57854916285436 401.50350544573223 1]",
    "A_03_18mm": "[0.7094064799162225 -0.4095760221444958 -0.573576436351046 0] [0.49999999999999983 0.8660254037844387 0.0 0] [0.49673176489215404 -0.2867882181755229 0.8191520442889918 0] [-496.58453594135585 286.7032155011471 401.50350544573223 1]",
    "A_04_18mm": "[0.7697511313200571 -0.2801664995932357 -0.573576436351046 0] [0.34202014332566893 0.9396926207859083 0.0 0] [0.5389855446957562 -0.1961746949690112 0.8191520442889918 0] [-538.82579192404 196.11654971526497 401.50350544573223 1]",
    "A_05_18mm": "[0.8067072841115988 -0.14224425972292398 -0.573576436351046 0] [0.17364817766693028 0.984807753012208 0.0 0] [0.5648625214636234 -0.09960050292505117 0.8191520442889918 0] [-564.6950988781192 99.5709818060468 401.50350544573223 1]",
    "A_06_18mm": "[0.8191520442889918 -1.0031719290535245e-16 -0.573576436351046 0] [1.224646799147353e-16 1.0 0.0 0] [0.573576436351046 -7.02428546843654e-17 0.8191520442889918 0] [-573.4064310022943 7.022203503374673e-14 401.50350544573223 1]",
    "A_07_18mm": "[0.8067072841115988 0.14224425972292415 -0.573576436351046 0] [-0.17364817766693047 0.984807753012208 0.0 0] [0.5648625214636234 0.09960050292505128 0.8191520442889918 0] [-564.6950988781192 -99.57098180604692 401.50350544573223 1]",
    "A_08_18mm": "[0.7697511313200572 0.2801664995932354 -0.573576436351046 0] [-0.3420201433256686 0.9396926207859084 0.0 0] [0.5389855446957562 0.196174694969011 0.8191520442889918 0] [-538.8257919240401 -196.11654971526482 401.50350544573223 1]",
    "A_09_18mm": "[0.7094064799162224 0.4095760221444959 -0.573576436351046 0] [-0.5 0.8660254037844386 0.0 0] [0.496731764892154 0.286788218175523 0.8191520442889918 0] [-496.58453594135574 -286.7032155011472 401.50350544573223 1]",
    "A_10_18mm": "[0.6275068715971333 0.5265407845183632 -0.573576436351046 0] [-0.6427876096865393 0.7660444431189781 0.0 0] [0.4393850417707051 0.3686878264946123 0.8191520442889918 0] [-439.25481011799326 -368.57854916285424 401.50350544573223 1]",
    "A_11_18mm": "[0.5265407845183634 0.627506871597133 -0.573576436351046 0] [-0.7660444431189779 0.6427876096865395 0.0 0] [0.36868782649461246 0.4393850417707049 0.8191520442889918 0] [-368.57854916285436 -439.25481011799315 401.50350544573223 1]",
    "A_12_18mm": "[0.4095760221444963 0.7094064799162223 -0.573576436351046 0] [-0.8660254037844384 0.5000000000000004 0.0 0] [0.2867882181755233 0.49673176489215387 0.8191520442889918 0] [-286.7032155011474 -496.5845359413557 401.50350544573223 1]",
    "B_01_18mm": "[0.2801664995932351 0.7697511313200573 -0.573576436351046 0] [-0.9396926207859085 0.3420201433256682 0.0 0] [0.19617469496901077 0.5389855446957563 0.8191520442889918 0] [-196.11654971526477 -538.8257919240401 401.50350544573223 1]",
    "B_02_18mm": "[0.14224425972292393 0.8067072841115989 -0.573576436351046 0] [-0.9848077530122081 0.17364817766693022 0.0 0] [0.09960050292505114 0.5648625214636235 0.8191520442889918 0] [-99.57098180604683 -564.6950988781192 401.50350544573223 1]",
    "B_03_18mm": "[2.320468885003572e-16 0.8191520442889918 -0.573576436351046 0] [-1.0 2.83276944882399e-16 0.0 0] [1.624809805460581e-16 0.573576436351046 0.8191520442889918 0] [-1.053330525506201e-13 -573.4064310022943 401.50350544573223 1]",
    "B_04_18mm": "[-0.14224425972292365 0.8067072841115989 -0.573576436351046 0] [-0.9848077530122081 -0.17364817766692986 0.0 0] [-0.09960050292505093 0.5648625214636235 0.8191520442889918 0] [99.57098180604662 -564.6950988781192 401.50350544573223 1]",
    "B_05_18mm": "[-0.2801664995932357 0.7697511313200571 -0.573576436351046 0] [-0.9396926207859083 -0.34202014332566893 0.0 0] [-0.1961746949690112 0.5389855446957562 0.8191520442889918 0] [196.11654971526502 -538.82579192404 401.50350544573223 1]",
    "B_06_18mm": "[-0.40957602214449607 0.7094064799162224 -0.573576436351046 0] [-0.8660254037844386 -0.5000000000000002 0.0 0] [-0.28678821817552314 0.496731764892154 0.8191520442889918 0] [286.7032155011472 -496.58453594135574 401.50350544573223 1]",
    "B_07_18mm": "[-0.5265407845183633 0.6275068715971331 -0.573576436351046 0] [-0.766044443118978 -0.6427876096865394 0.0 0] [-0.3686878264946124 0.43938504177070503 0.8191520442889918 0] [368.57854916285424 -439.2548101179933 401.50350544573223 1]",
    "B_08_18mm": "[-0.627506871597133 0.5265407845183634 -0.573576436351046 0] [-0.6427876096865395 -0.7660444431189779 0.0 0] [-0.4393850417707049 0.36868782649461246 0.8191520442889918 0] [439.2548101179931 -368.5785491628545 401.50350544573223 1]",
    "B_09_18mm": "[-0.7094064799162224 0.4095760221444962 -0.573576436351046 0] [-0.5000000000000003 -0.8660254037844385 0.0 0] [-0.4967317648921539 0.2867882181755232 0.8191520442889918 0] [496.5845359413556 -286.7032155011474 401.50350544573223 1]",
    "B_10_18mm": "[-0.7697511313200572 0.2801664995932353 -0.573576436351046 0] [-0.3420201433256685 -0.9396926207859084 0.0 0] [-0.5389855446957562 0.19617469496901094 0.8191520442889918 0] [538.8257919240401 -196.1165497152648 401.50350544573223 1]",
    "B_11_18mm": "[-0.8067072841115988 0.14224425972292398 -0.573576436351046 0] [-0.17364817766693028 -0.984807753012208 0.0 0] [-0.5648625214636234 0.09960050292505117 0.8191520442889918 0] [564.6950988781192 -99.57098180604686 401.50350544573223 1]",
    "B_12_18mm": "[-0.8191520442889918 1.0031719290535247e-16 -0.573576436351046 0] [-1.2246467991473532e-16 -1.0 0.0 0] [-0.573576436351046 7.024285468436541e-17 0.8191520442889918 0] [573.4064310022943 -1.4044407006749347e-13 401.50350544573223 1]"
}