{
    "C_01_18mm": "[-0.9810602621904069 -0.1729873939250894 -0.08715574274765817 0] [0.17364817766693028 -0.984807753012208 0.0 0] [-0.08583165117743129 -0.015134435901338615 0.9961946980917455 0] [686.7421835332849 121.09117574756262 61.00901992336072 1]",
    "C_02_18mm": "[-0.9361168066628592 -0.34071865342160984 -0.08715574274765817 0] [0.3420201433256685 -0.9396926207859084 0.0 0] [-0.08189960831908934 -0.02980901962620914 0.9961946980917455 0] [655.2817646640015 238.50305739512706 61.00901992336072 1]",
    "C_03_18mm": "[-0.862729915662821 -0.4980973490458727 -0.08715574274765817 0] [0.49999999999999994 -0.8660254037844387 0.0 0] [-0.07547908730517333 -0.043577871373829076 0.9961946980917455 0] [603.9109409639747 348.6681443321109 61.00901992336072 1]",
    "C_04_18mm": "[-0.7631294127377699 -0.6403416087687966 -0.08715574274765817 0] [0.6427876096865391 -0.7660444431189782 0.0 0] [-0.06676517241775072 -0.05602263155122211 0.9961946980917455 0] [534.1905889164387 448.23912613815776 61.00901992336072 1]",
    "C_05_18mm": "[-0.6403416087687969 -0.7631294127377697 -0.08715574274765817 0] [0.766044443118978 -0.6427876096865394 0.0 0] [-0.056022631551222134 -0.0667651724177507 0.9961946980917455 0] [448.2391261381578 534.1905889164387 61.00901992336072 1]",
    "C_06_18mm": "[-0.498097349045873 -0.8627299156628209 -0.08715574274765817 0] [0.8660254037844386 -0.5000000000000002 0.0 0] [-0.043577871373829104 -0.07547908730517332 0.9961946980917455 0] [348.668144332111 603.9109409639747 61.00901992336072 1]",
    "C_07_18mm": "[-0.3407186534216103 -0.9361168066628591 -0.08715574274765817 0] [0.9396926207859083 -0.34202014332566893 0.0 0] [-0.029809019626209177 -0.08189960831908932 0.9961946980917455 0] [238.50305739512714 655.2817646640013 61.00901992336072 1]",
    "C_08_18mm": "[-0.17298739392508944 -0.9810602621904069 -0.08715574274765817 0] [0.984807753012208 -0.1736481776669303 0.0 0] [-0.015134435901338618 -0.08583165117743129 0.9961946980917455 0] [121.09117574756267 686.7421835332849 61.00901992336072 1]",
    "C_09_18mm": "[-1.602003257489115e-16 -0.9961946980917455 -0.08715574274765817 0] [1.0 -1.6081226496766366e-16 0.0 0] [-1.4015712396189935e-17 -0.08715574274765817 0.9961946980917455 0] [4.26995326920967e-14 697.3362886642219 61.00901992336072 1]",
    "C_10_18mm": "[0.17298739392508936 -0.981060262190407 -0.08715574274765817 0] [0.9848077530122081 0.17364817766693022 0.0 0] [0.01513443590133861 -0.08583165117743129 0.9961946980917455 0] [-121.0911757475626 686.7421835332849 61.00901992336072 1]",
    "C_11_18mm": "[0.34071865342160995 -0.9361168066628592 -0.08715574274765817 0] [0.9396926207859084 0.3420201433256686 0.0 0] [0.029809019626209146 -0.08189960831908934 0.9961946980917455 0] [-238.50305739512706 655.2817646640015 61.00901992336072 1]",
    "C_12_18mm": "[0.4980973490458725 -0.8627299156628211 -0.08715574274765817 0] [0.8660254037844388 0.4999999999999997 0.0 0] [0.04357787137382906 -0.07547908730517335 0.9961946980917455 0] [-348.6681443321108 603.9109409639747 61.00901992336072 1]",
    "A_01_18mm": "[0.6403416087687969 -0.7631294127377697 -0.08715574274765817 0] [0.766044443118978 0.6427876096865394 0.0 0] [0.056022631551222134 -0.0667651724177507 0.9961946980917455 0] [-448.2391261381578 534.1905889164387 61.00901992336072 1]",
    "A_02_18mm": "[0.7631294127377697 -0.6403416087687969 -0.08715574274765817 0] [0.6427876096865394 0.766044443118978 0.0 0] [0.0667651724177507 -0.056022631551222134 0.9961946980917455 0] [-534.1905889164387 448.23912613815787 61.00901992336072 1]",
    "A_03_18mm": "[0.862729915662821 -0.4980973490458727 -0.08715574274765817 0] [0.49999999999999994 0.8660254037844387 0.0 0] [0.07547908730517333 -0.043577871373829076 0.9961946980917455 0] [-603.9109409639747 348.6681443321109 61.00901992336072 1]",
    "A_04_18mm": "[0.9361168066628591 -0.3407186534216103 -0.08715574274765817 0] [0.34202014332566893 0.9396926207859083 0.0 0] [0.08189960831908932 -0.029809019626209177 0.9961946980917455 0] [-655.2817646640013 238.50305739512717 61.00901992336072 1]",
    "A_05_18mm": "[0.9810602621904069 -0.1729873939250894 -0.08715574274765817 0] [0.17364817766693028 0.984807753012208 0.0 0] [0.08583165117743129 -0.015134435901338615 0.9961946980917455 0] [-686.7421835332849 121.09117574756259 61.00901992336072 1]",
    "A_06_18mm": "[0.9961946980917455 -1.21998664834562e-16 -0.08715574274765817 0] [1.224646799147353e-16 1.0 0.0 0] [0.08715574274765817 -1.0673500138322969e-17 0.9961946980917455 0] [-697.3362886642219 8.53990653841934e-14 61.00901992336072 1]",
    "A_07_18mm": "[0.9810602621904069 0.17298739392508955 -0.08715574274765817 0] [-0.17364817766693044 0.984807753012208 0.0 0] [0.08583165117743129 0.01513443590133863 0.9961946980917455 0] [-686.7421835332849 -121.09117574756272 61.00901992336072 1]",
    "A_08_18mm": "[0.9361168066628592 0.34071865342161 -0.08715574274765817 0] [-0.34202014332566866 0.9396926207859084 0.0 0] [0.08189960831908934 0.029809019626209153 0.9961946980917455 0] [-655.2817646640015 -238.50305739512703 61.00901992336072 1]",
    "A_09_18mm": "[0.8627299156628209 0.4980973490458728 -0.08715574274765817 0] [-0.5 0.8660254037844386 0.0 0] [0.07547908730517332 0.04357787137382908 0.9961946980917455 0] [-603.9109409639747 -348.668144332111 61.00901992336072 1]",
    "A_10_18mm": "[0.7631294127377697 0.6403416087687968 -0.08715574274765817 0] [-0.6427876096865393 0.766044443118978 0.0 0] [0.0667651724177507 0.05602263155122212 0.9961946980917455 0] [-534.1905889164387 -448.23912613815776 61.00901992336072 1]",
    "A_11_18mm": "[0.640341608768797 0.7631294127377696 -0.08715574274765817 0] [-0.7660444431189779 0.6427876096865395 0.0 0] [0.05602263155122214 0.06676517241775069 0.9961946980917455 0] [-448.23912613815787 -534.1905889164387 61.00901992336072 1]",
    "A_12_18mm": "[0.4980973490458731 0.8627299156628208 -0.08715574274765817 0] [-0.8660254037844385 0.5000000000000003 0.0 0] [0.04357787137382911 0.0754790873051733 0.9961946980917455 0] [-348.66814433211124 -603.9109409639746 61.00901992336072 1]",
    "B_01_18mm": "[0.34071865342160995 0.9361168066628592 -0.08715574274765817 0] [-0.9396926207859084 0.3420201433256686 0.0 0] [0.029809019626209146 0.08189960831908934 0.9961946980917455 0] [-238.50305739512694 -655.2817646640015 61.00901992336072 1]",
    "B_02_18mm": "[0.17298739392508936 0.981060262190407 -0.08715574274765817 0] [-0.9848077530122081 0.17364817766693022 0.0 0] [0.01513443590133861 0.08583165117743129 0.9961946980917455 0] [-121.09117574756262 -686.7421835332849 61.00901992336072 1]",
    "B_03_18mm": "[2.821989905834735e-16 0.9961946980917455 -0.08715574274765817 0] [-1.0 2.83276944882399e-16 0.0 0] [2.4689212534512908e-17 0.08715574274765817 0.9961946980917455 0] [-1.280985980762901e-13 -697.3362886642219 61.00901992336072 1]",
    "B_04_18mm": "[-0.17298739392508922 0.981060262190407 -0.08715574274765817 0] [-0.9848077530122081 -0.17364817766693008 0.0 0] [-0.015134435901338597 0.08583165117743129 0.9961946980917455 0] [121.09117574756237 -686.7421835332849 61.00901992336072 1]",
    "B_05_18mm": "[-0.3407186534216103 0.9361168066628591 -0.08715574274765817 0] [-0.9396926207859083 -0.34202014332566893 0.0 0] [-0.029809019626209177 0.08189960831908932 0.9961946980917455 0] [238.50305739512726 -655.2817646640013 61.00901992336072 1]",
    "B_06_18mm": "[-0.498097349045873 0.8627299156628209 -0.08715574274765817 0] [-0.8660254037844386 -0.5000000000000002 0.0 0] [-0.043577871373829104 0.07547908730517332 0.9961946980917455 0] [348.668144332111 -603.9109409639747 61.00901992336072 1]",
    "B_07_18mm": "[-0.6403416087687969 0.7631294127377697 -0.08715574274765817 0] [-0.766044443118978 -0.6427876096865394 0.0 0] [-0.056022631551222134 0.0667651724177507 0.9961946980917455 0] [448.23912613815776 -534.1905889164389 61.00901992336072 1]",
    "B_08_18mm": "[-0.7631294127377696 0.640341608768797 -0.08715574274765817 0] [-0.6427876096865395 -0.7660444431189779 0.0 0] [-0.06676517241775069 0.05602263155122214 0.9961946980917455 0] [534.1905889164386 -448.239126138158 61.00901992336072 1]",
    "B_09_18mm": "[-0.8627299156628208 0.4980973490458731 -0.08715574274765817 0] [-0.5000000000000003 -0.8660254037844385 0.0 0] [-0.0754790873051733 0.04357787137382911 0.9961946980917455 0] [603.9109409639744 -348.66814433211124 61.00901992336072 1]",
    "B_10_18mm": "[-0.9361168066628592 0.34071865342160984 -0.08715574274765817 0] [-0.3420201433256685 -0.9396926207859084 0.0 0] [-0.08189960831908934 0.02980901962620914 0.9961946980917455 0] [655.2817646640015 -238.503057395127 61.00901992336072 1]",
    "B_11_18mm": "[-0.9810602621904069 0.1729873939250894 -0.08715574274765817 0] [-0.17364817766693028 -0.984807753012208 0.0 0] [-0.08583165117743129 0.015134435901338615 0.9961946980917455 0] [686.7421835332849 -121.09117574756266 61.00901992336072 1]",
    "B_12_18mm": "[-0.9961946980917455 1.2199866483456202e-16 -0.08715574274765817 0] [-1.2246467991473532e-16 -1.0 0.0 0] [-0.08715574274765817 1.0673500138322972e-17 0.9961946980917455 0] [697.3362886642219 -1.707981307683868e-13 61.00901992336072 1]"
}