{
    "C_01_18mm": "[-0.984807753012208 -0.17364817766693028 -0.0 0] [0.17364817766693028 -0.984807753012208 0.0 0] [-0.0 0.0 1.0 0] [393.9231012048832 69.45927106677213 0.0 1]",
    "C_02_18mm": "[-0.9396926207859083 -0.3420201433256689 -0.0 0] [0.3420201433256689 -0.9396926207859083 0.0 0] [-0.0 0.0 1.0 0] [375.8770483143634 136.80805733026747 0.0 1]",
    "C_03_18mm": "[-0.8660254037844387 -0.49999999999999994 -0.0 0] [0.49999999999999994 -0.8660254037844387 0.0 0] [-0.0 0.0 1.0 0] [346.4101615137755 199.99999999999997 0.0 1]",
    "C_04_18mm": "[-0.7660444431189782 -0.6427876096865391 -0.0 0] [0.6427876096865391 -0.7660444431189782 0.0 0] [-0.0 0.0 1.0 0] [306.41777724759123 257.1150438746157 0.0 1]",
    "C_05_18mm": "[-0.6427876096865394 -0.766044443118978 -0.0 0] [0.766044443118978 -0.6427876096865394 0.0 0] [-0.0 0.0 1.0 0] [257.11504387461576 306.41777724759123 0.0 1]",
    "C_06_18mm": "[-0.5000000000000002 -0.8660254037844386 -0.0 0] [0.8660254037844386 -0.5000000000000002 0.0 0] [-0.0 0.0 1.0 0] [200.00000000000006 346.41016151377545 0.0 1]",
    "C_07_18mm": "[-0.34202014332566893 -0.9396926207859083 -0.0 0] [0.9396926207859083 -0.34202014332566893 0.0 0] [-0.0 0.0 1.0 0] [136.80805733026753 375.8770483143633 0.0 1]",
    "C_08_18mm": "[-0.17364817766693053 -0.984807753012208 -0.0 0] [0.984807753012208 -0.17364817766693053 0.0 0] [-0.0 0.0 1.0 0] [69.45927106677216 393.9231012048832 0.0 1]",
    "C_09_18mm": "[-1.6081226496766366e-16 -1.0 -0.0 0] [1.0 -1.6081226496766366e-16 0.0 0] [-0.0 0.0 1.0 0] [2.4492935982947064e-14 400.0 0.0 1]",
    "C_10_18mm": "[0.17364817766693022 -0.9848077530122081 -0.0 0] [0.9848077530122081 0.17364817766693022 0.0 0] [0.0 -0.0 1.0 0] [-69.45927106677212 393.9231012048832 0.0 1]",
    "C_11_18mm": "[0.3420201433256686 -0.9396926207859084 -0.0 0] [0.9396926207859084 0.3420201433256686 0.0 0] [0.0 -0.0 1.0 0] [-136.80805733026747 375.8770483143634 0.0 1]",
    "C_12_18mm": "[0.4999999999999997 -0.8660254037844388 -0.0 0] [0.8660254037844388 0.4999999999999997 0.0 0] [0.0 -0.0 1.0 0] [-199.99999999999991 346.4101615137755 0.0 1]",
    "A_01_18mm": "[0.6427876096865394 -0.766044443118978 -0.0 0] [0.766044443118978 0.6427876096865394 0.0 0] [0.0 -0.0 1.0 0] [-257.11504387461576 306.41777724759123 0.0 1]",
    "A_02_18mm": "[0.7660444431189779 -0.6427876096865395 -0.0 0] [0.6427876096865395 0.7660444431189779 0.0 0] [0.0 -0.0 1.0 0] [-306.4177772475912 257.11504387461576 0.0 1]",
    "A_03_18mm": "[0.8660254037844387 -0.49999999999999983 -0.0 0] [0.49999999999999983 0.8660254037844387 0.0 0] [0.0 -0.0 1.0 0] [-346.4101615137755 199.99999999999997 0.0 1]",
    "A_04_18mm": "[0.9396926207859083 -0.34202014332566893 -0.0 0] [0.34202014332566893 0.9396926207859083 0.0 0] [0.0 -0.0 1.0 0] [-375.8770483143633 136.80805733026756 0.0 1]",
    "A_05_18mm": "[0.984807753012208 -0.17364817766693028 -0.0 0] [0.17364817766693028 0.984807753012208 0.0 0] [0.0 -0.0 1.0 0] [-393.9231012048832 69.4592710667721 0.0 1]",
    "A_06_18mm": "[1.0 -1.2246467991473532e-16 -0.0 0] [1.2246467991473532e-16 1.0 0.0 0] [0.0 -0.0 1.0 0] [-400.0 4.898587196589413e-14 0.0 1]",
    "A_07_18mm": "[0.984807753012208 0.17364817766693047 -0.0 0] [-0.17364817766693047 0.984807753012208 0.0 0] [0.0 0.0 1.0 0] [-393.9231012048832 -69.45927106677219 0.0 1]",
    "A_08_18mm": "[0.9396926207859084 0.3420201433256687 -0.0 0] [-0.3420201433256687 0.9396926207859084 0.0 0] [0.0 0.0 1.0 0] [-375.8770483143634 -136.80805733026747 0.0 1]",
    "A_09_18mm": "[0.8660254037844386 0.5000000000000001 -0.0 0] [-0.5000000000000001 0.8660254037844386 0.0 0] [0.0 0.0 1.0 0] [-346.41016151377545 -200.00000000000006 0.0 1]",
    "A_10_18mm": "[0.7660444431189781 0.6427876096865393 -0.0 0] [-0.6427876096865393 0.7660444431189781 0.0 0] [0.0 0.0 1.0 0] [-306.41777724759123 -257.1150438746157 0.0 1]",
    "A_11_18mm": "[0.6427876096865395 0.7660444431189779 -0.0 0] [-0.7660444431189779 0.6427876096865395 0.0 0] [0.0 0.0 1.0 0] [-257.11504387461576 -306.4177772475912 0.0 1]",
    "A_12_18mm": "[0.5000000000000003 0.8660254037844385 -0.0 0] [-0.8660254037844385 0.5000000000000003 0.0 0] [0.0 0.0 1.0 0] [-200.00000000000017 -346.4101615137754 0.0 1]",
    "B_01_18mm": "[0.3420201433256686 0.9396926207859084 -0.0 0] [-0.9396926207859084 0.3420201433256686 0.0 0] [0.0 0.0 1.0 0] [-136.80805733026742 -375.8770483143634 0.0 1]",
    "B_02_18mm": "[0.17364817766693041 0.984807753012208 -0.0 0] [-0.984807753012208 0.17364817766693041 0.0 0] [0.0 0.0 1.0 0] [-69.45927106677213 -393.9231012048832 0.0 1]",
    "B_03_18mm": "[2.83276944882399e-16 1.0 -0.0 0] [-1.0 2.83276944882399e-16 0.0 0] [0.0 0.0 1.0 0] [-7.347880794884119e-14 -400.0 0.0 1]",
    "B_04_18mm": "[-0.17364817766692986 0.9848077530122081 -0.0 0] [-0.9848077530122081 -0.17364817766692986 0.0 0] [0.0 0.0 1.0 0] [69.45927106677199 -393.92310120488327 0.0 1]",
    "B_05_18mm": "[-0.34202014332566893 0.9396926207859083 -0.0 0] [-0.9396926207859083 -0.34202014332566893 0.0 0] [0.0 0.0 1.0 0] [136.8080573302676 -375.8770483143633 0.0 1]",
    "B_06_18mm": "[-0.5000000000000002 0.8660254037844386 -0.0 0] [-0.8660254037844386 -0.5000000000000002 0.0 0] [0.0 0.0 1.0 0] [200.00000000000006 -346.41016151377545 0.0 1]",
    "B_07_18mm": "[-0.6427876096865394 0.766044443118978 -0.0 0] [-0.766044443118978 -0.6427876096865394 0.0 0] [0.0 0.0 1.0 0] [257.1150438746157 -306.41777724759123 0.0 1]",
    "B_08_18mm": "[-0.7660444431189779 0.6427876096865395 -0.0 0] [-0.6427876096865395 -0.7660444431189779 0.0 0] [0.0 0.0 1.0 0] [306.4177772475911 -257.1150438746158 0.0 1]",
    "B_09_18mm": "[-0.8660254037844385 0.5000000000000003 -0.0 0] [-0.5000000000000003 -0.8660254037844385 0.0 0] [0.0 0.0 1.0 0] [346.41016151377534 -200.00000000000017 0.0 1]",
    "B_10_18mm": "[-0.9396926207859084 0.3420201433256685 -0.0 0] [-0.3420201433256685 -0.9396926207859084 0.0 0] [0.0 0.0 1.0 0] [375.8770483143634 -136.80805733026745 0.0 1]",
    "B_11_18mm": "[-0.984807753012208 0.17364817766693028 -0.0 0] [-0.17364817766693028 -0.984807753012208 0.0 0] [0.0 0.0 1.0 0] [393.9231012048832 -69.45927106677216 0.0 1]",
    "B_12_18mm": "[-1.0 1.2246467991473532e-16 -0.0 0] [-1.2246467991473532e-16 -1.0 0.0 0] [0.0 0.0 1.0 0] [400.0 -9.797174393178826e-14 0.0 1]"
}