{
    "C_01_18mm": "[-0.8067072841115988 -0.14224425972292398 -0.573576436351046 0] [0.17364817766693028 -0.984807753012208 0.0 0] [-0.5648625214636234 -0.09960050292505117 0.8191520442889918 0] [322.6829136446395 56.897703889169605 229.43057454041843 1]",
    "C_02_18mm": "[-0.7697511313200571 -0.28016649959323564 -0.573576436351046 0] [0.3420201433256689 -0.9396926207859083 0.0 0] [-0.5389855446957562 -0.19617469496901116 0.8191520442889918 0] [307.90045252802287 112.06659983729419 229.43057454041843 1]",
    "C_03_18mm": "[-0.7094064799162225 -0.40957602214449584 -0.573576436351046 0] [0.49999999999999994 -0.8660254037844387 0.0 0] [-0.49673176489215404 -0.28678821817552297 0.8191520442889918 0] [283.76259196648897 163.83040885779832 229.43057454041843 1]",
    "C_04_18mm": "[-0.6275068715971334 -0.5265407845183631 -0.573576436351046 0] [0.6427876096865391 -0.7660444431189782 0.0 0] [-0.43938504177070514 -0.36868782649461224 0.8191520442889918 0] [251.00274863885323 210.61631380734525 229.43057454041843 1]",
    "C_05_18mm": "[-0.5265407845183633 -0.6275068715971331 -0.573576436351046 0] [0.766044443118978 -0.6427876096865394 0.0 0] [-0.3686878264946124 -0.43938504177070503 0.8191520442889918 0] [210.61631380734528 251.00274863885323 229.43057454041843 1]",
    "C_06_18mm": "[-0.40957602214449607 -0.7094064799162224 -0.573576436351046 0] [0.8660254037844386 -0.5000000000000002 0.0 0] [-0.28678821817552314 -0.496731764892154 0.8191520442889918 0] [163.83040885779837 283.76259196648897 229.43057454041843 1]",
    "C_07_18mm": "[-0.2801664995932357 -0.7697511313200571 -0.573576436351046 0] [0.9396926207859083 -0.34202014332566893 0.0 0] [-0.1961746949690112 -0.5389855446957562 0.8191520442889918 0] [112.06659983729423 307.9004525280228 229.43057454041843 1]",
    "C_08_18mm": "[-0.142244259722924 -0.8067072841115988 -0.573576436351046 0] [0.984807753012208 -0.1736481776669303 0.0 0] [-0.09960050292505118 -0.5648625214636234 0.8191520442889918 0] [56.897703889169634 322.6829136446395 229.43057454041843 1]",
    "C_09_18mm": "[-1.317296955950047e-16 -0.8191520442889918 -0.573576436351046 0] [1.0 -1.6081226496766366e-16 0.0 0] [-9.223812586169269e-17 -0.573576436351046 0.8191520442889918 0] [2.0063438581070492e-14 327.6608177155967 229.43057454041843 1]",
    "C_10_18mm": "[0.14224425972292393 -0.8067072841115989 -0.573576436351046 0] [0.9848077530122081 0.17364817766693022 0.0 0] [0.09960050292505114 -0.5648625214636235 0.8191520442889918 0] [-56.8977038891696 322.6829136446395 229.43057454041843 1]",
    "C_11_18mm": "[0.2801664995932354 -0.7697511313200572 -0.573576436351046 0] [0.9396926207859084 0.3420201433256686 0.0 0] [0.196174694969011 -0.5389855446957562 0.8191520442889918 0] [-112.06659983729419 307.90045252802287 229.43057454041843 1]",
    "C_12_18mm": "[0.4095760221444958 -0.7094064799162225 -0.573576436351046 0] [0.8660254037844387 0.4999999999999999 0.0 0] [0.28678821817552297 -0.49673176489215404 0.8191520442889918 0] [-163.83040885779826 283.76259196648897 229.43057454041843 1]",
    "A_01_18mm": "[0.5265407845183632 -0.6275068715971333 -0.573576436351046 0] [0.7660444431189781 0.6427876096865393 0.0 0] [0.3686878264946123 -0.4393850417707051 0.8191520442889918 0] [-210.61631380734528 251.00274863885323 229.43057454041843 1]",
    "A_02_18mm": "[0.6275068715971329 -0.5265407845183635 -0.573576436351046 0] [0.6427876096865397 0.7660444431189778 0.0 0] [0.43938504177070487 -0.36868782649461257 0.8191520442889918 0] [-251.0027486388532 210.61631380734534 229.43057454041843 1]",
    "A_03_18mm": "[0.7094064799162225 -0.40957602214449584 -0.573576436351046 0] [0.49999999999999994 0.8660254037844387 0.0 0] [0.49673176489215404 -0.28678821817552297 0.8191520442889918 0] [-283.76259196648897 163.83040885779832 229.43057454041843 1]",
    "A_04_18mm": "[0.7697511313200571 -0.28016649959323575 -0.573576436351046 0] [0.342020143325669 0.9396926207859083 0.0 0] [0.5389855446957562 -0.19617469496901122 0.8191520442889918 0] [-307.9004525280228 112.06659983729425 229.43057454041843 1]",
    "A_05_18mm": "[0.8067072841115988 -0.14224425972292398 -0.573576436351046 0] [0.17364817766693028 0.984807753012208 0.0 0] [0.5648625214636234 -0.09960050292505117 0.8191520442889918 0] [-322.6829136446395 56.89770388916959 229.43057454041843 1]",
    "A_06_18mm": "[0.8191520442889918 -1.0031719290535245e-16 -0.573576436351046 0] [1.224646799147353e-16 1.0 0.0 0] [0.573576436351046 -7.02428546843654e-17 0.8191520442889918 0] [-327.6608177155967 4.0126877162140983e-14 229.43057454041843 1]",
    "A_07_18mm": "[0.8067072841115988 0.14224425972292415 -0.573576436351046 0] [-0.17364817766693047 0.984807753012208 0.0 0] [0.5648625214636234 0.09960050292505128 0.8191520442889918 0] [-322.6829136446395 -56.897703889169655 229.43057454041843 1]",
    "A_08_18mm": "[0.7697511313200572 0.2801664995932354 -0.573576436351046 0] [-0.3420201433256686 0.9396926207859084 0.0 0] [0.5389855446957562 0.196174694969011 0.8191520442889918 0] [-307.90045252802287 -112.06659983729418 229.43057454041843 1]",
    "A_09_18mm": "[0.7094064799162224 0.4095760221444959 -0.573576436351046 0] [-0.5 0.8660254037844386 0.0 0] [0.496731764892154 0.286788218175523 0.8191520442889918 0] [-283.76259196648897 -163.83040885779837 229.43057454041843 1]",
    "A_10_18mm": "[0.6275068715971331 0.5265407845183632 -0.573576436351046 0] [-0.6427876096865393 0.766044443118978 0.0 0] [0.43938504177070503 0.3686878264946123 0.8191520442889918 0] [-251.00274863885323 -210.61631380734525 229.43057454041843 1]",
    "A_11_18mm": "[0.5265407845183634 0.627506871597133 -0.573576436351046 0] [-0.7660444431189779 0.6427876096865395 0.0 0] [0.36868782649461246 0.4393850417707049 0.8191520442889918 0] [-210.61631380734534 -251.0027486388532 229.43057454041843 1]",
    "A_12_18mm": "[0.4095760221444963 0.7094064799162223 -0.573576436351046 0] [-0.8660254037844384 0.5000000000000004 0.0 0] [0.2867882181755233 0.49673176489215387 0.8191520442889918 0] [-163.8304088577985 -283.7625919664889 229.43057454041843 1]",
    "B_01_18mm": "[0.2801664995932354 0.7697511313200572 -0.573576436351046 0] [-0.9396926207859084 0.3420201433256686 0.0 0] [0.196174694969011 0.5389855446957562 0.8191520442889918 0] [-112.06659983729413 -307.90045252802287 229.43057454041843 1]",
    "B_02_18mm": "[0.14224425972292393 0.8067072841115989 -0.573576436351046 0] [-0.9848077530122081 0.17364817766693022 0.0 0] [0.09960050292505114 0.5648625214636235 0.8191520442889918 0] [-56.897703889169605 -322.6829136446395 229.43057454041843 1]",
    "B_03_18mm": "[2.320468885003572e-16 0.8191520442889918 -0.573576436351046 0] [-1.0 2.83276944882399e-16 0.0 0] [1.624809805460581e-16 0.573576436351046 0.8191520442889918 0] [-6.019031574321148e-14 -327.6608177155967 229.43057454041843 1]",
    "B_04_18mm": "[-0.14224425972292382 0.8067072841115989 -0.573576436351046 0] [-0.9848077530122081 -0.17364817766693008 0.0 0] [-0.09960050292505106 0.5648625214636235 0.8191520442889918 0] [56.89770388916949 -322.6829136446395 229.43057454041843 1]",
    "B_05_18mm": "[-0.2801664995932357 0.7697511313200571 -0.573576436351046 0] [-0.9396926207859083 -0.34202014332566893 0.0 0] [-0.1961746949690112 0.5389855446957562 0.8191520442889918 0] [112.06659983729428 -307.9004525280228 229.43057454041843 1]",
    "B_06_18mm": "[-0.40957602214449607 0.7094064799162224 -0.573576436351046 0] [-0.8660254037844386 -0.5000000000000002 0.0 0] [-0.28678821817552314 0.496731764892154 0.8191520442889918 0] [163.83040885779837 -283.76259196648897 229.43057454041843 1]",
    "B_07_18mm": "[-0.5265407845183633 0.6275068715971331 -0.573576436351046 0] [-0.766044443118978 -0.6427876096865394 0.0 0] [-0.3686878264946124 0.43938504177070503 0.8191520442889918 0] [210.61631380734525 -251.00274863885326 229.43057454041843 1]",
    "B_08_18mm": "[-0.627506871597133 0.5265407845183634 -0.573576436351046 0] [-0.6427876096865395 -0.7660444431189779 0.0 0] [-0.4393850417707049 0.36868782649461246 0.8191520442889918 0] [251.00274863885315 -210.61631380734536 229.43057454041843 1]",
    "B_09_18mm": "[-0.7094064799162224 0.4095760221444962 -0.573576436351046 0] [-0.5000000000000003 -0.8660254037844385 0.0 0] [-0.4967317648921539 0.2867882181755232 0.8191520442889918 0] [283.7625919664889 -163.8304088577985 229.43057454041843 1]",
    "B_10_18mm": "[-0.7697511313200572 0.2801664995932353 -0.573576436351046 0] [-0.3420201433256685 -0.9396926207859084 0.0 0] [-0.5389855446957562 0.19617469496901094 0.8191520442889918 0] [307.90045252802287 -112.06659983729415 229.43057454041843 1]",
    "B_11_18mm": "[-0.8067072841115988 0.14224425972292398 -0.573576436351046 0] [-0.17364817766693028 -0.984807753012208 0.0 0] [-0.5648625214636234 0.09960050292505117 0.8191520442889918 0] [322.6829136446395 -56.89770388916963 229.43057454041843 1]",
    "B_12_18mm": "[-0.8191520442889918 1.0031719290535247e-16 -0.573576436351046 0] [-1.2246467991473532e-16 -1.0 0.0 0] [-0.573576436351046 7.024285468436541e-17 0.8191520442889918 0] [327.6608177155967 -8.025375432428197e-14 229.43057454041843 1]"
}