{
    "C_01_18mm": "[-0.696364240320019 -0.1227878039689728 -0.7071067811865476 0] [0.17364817766693028 -0.984807753012208 0.0 0] [-0.696364240320019 -0.1227878039689728 0.7071067811865476 0] [487.45496822401327 85.95146277828098 494.9747468305833 1]",
    "C_02_18mm": "[-0.6644630243886747 -0.2418447626479754 -0.7071067811865476 0] [0.3420201433256689 -0.9396926207859083 0.0 0] [-0.6644630243886747 -0.2418447626479754 0.7071067811865476 0] [465.12411707207235 169.29133385358267 494.9747468305833 1]",
    "C_03_18mm": "[-0.6123724356957946 -0.35355339059327373 -0.7071067811865476 0] [0.49999999999999994 -0.8660254037844387 0.0 0] [-0.6123724356957946 -0.35355339059327373 0.7071067811865476 0] [428.6607049870562 247.48737341529161 494.9747468305833 1]",
    "C_04_18mm": "[-0.5416752204197018 -0.4545194776720438 -0.7071067811865476 0] [0.6427876096865395 -0.7660444431189779 0.0 0] [-0.5416752204197018 -0.4545194776720438 0.7071067811865476 0] [379.1726542937913 318.16363437043054 494.9747468305833 1]",
    "C_05_18mm": "[-0.45451947767204376 -0.5416752204197018 -0.7071067811865476 0] [0.766044443118978 -0.6427876096865394 0.0 0] [-0.45451947767204376 -0.5416752204197018 0.7071067811865476 0] [318.1636343704306 379.1726542937913 494.9747468305833 1]",
    "C_06_18mm": "[-0.35355339059327395 -0.6123724356957946 -0.7071067811865476 0] [0.8660254037844386 -0.5000000000000002 0.0 0] [-0.35355339059327395 -0.6123724356957946 0.7071067811865476 0] [247.4873734152917 428.66070498705614 494.9747468305833 1]",
    "C_07_18mm": "[-0.24184476264797541 -0.6644630243886747 -0.7071067811865476 0] [0.9396926207859083 -0.34202014332566893 0.0 0] [-0.24184476264797541 -0.6644630243886747 0.7071067811865476 0] [169.29133385358273 465.1241170720723 494.9747468305833 1]",
    "C_08_18mm": "[-0.12278780396897282 -0.696364240320019 -0.7071067811865476 0] [0.984807753012208 -0.1736481776669303 0.0 0] [-0.12278780396897282 -0.696364240320019 0.7071067811865476 0] [85.95146277828103 487.45496822401327 494.9747468305833 1]",
    "C_09_18mm": "[-1.1371144305660286e-16 -0.7071067811865476 -0.7071067811865476 0] [1.0 -1.6081226496766366e-16 0.0 0] [-1.1371144305660286e-16 -0.7071067811865476 0.7071067811865476 0] [3.030846196824227e-14 494.9747468305833 494.9747468305833 1]",
    "C_10_18mm": "[0.12278780396897276 -0.6963642403200191 -0.7071067811865476 0] [0.9848077530122081 0.17364817766693022 0.0 0] [0.12278780396897276 -0.6963642403200191 0.7071067811865476 0] [-85.95146277828097 487.45496822401327 494.9747468305833 1]",
    "C_11_18mm": "[0.2418447626479752 -0.6644630243886748 -0.7071067811865476 0] [0.9396926207859084 0.3420201433256686 0.0 0] [0.2418447626479752 -0.6644630243886748 0.7071067811865476 0] [-169.29133385358267 465.12411707207235 494.9747468305833 1]",
    "C_12_18mm": "[0.35355339059327373 -0.6123724356957946 -0.7071067811865476 0] [0.8660254037844387 0.4999999999999999 0.0 0] [0.35355339059327373 -0.6123724356957946 0.7071067811865476 0] [-247.48737341529153 428.6607049870562 494.9747468305833 1]",
    "A_01_18mm": "[0.45451947767204376 -0.5416752204197018 -0.7071067811865476 0] [0.766044443118978 0.6427876096865394 0.0 0] [0.45451947767204376 -0.5416752204197018 0.7071067811865476 0] [-318.1636343704306 379.1726542937913 494.9747468305833 1]",
    "A_02_18mm": "[0.5416752204197018 -0.4545194776720438 -0.7071067811865476 0] [0.6427876096865395 0.7660444431189779 0.0 0] [0.5416752204197018 -0.4545194776720438 0.7071067811865476 0] [-379.17265429379125 318.16363437043066 494.9747468305833 1]",
    "A_03_18mm": "[0.6123724356957946 -0.35355339059327373 -0.7071067811865476 0] [0.49999999999999994 0.8660254037844387 0.0 0] [0.6123724356957946 -0.35355339059327373 0.7071067811865476 0] [-428.6607049870562 247.48737341529161 494.9747468305833 1]",
    "A_04_18mm": "[0.6644630243886747 -0.24184476264797541 -0.7071067811865476 0] [0.34202014332566893 0.9396926207859083 0.0 0] [0.6644630243886747 -0.24184476264797541 0.7071067811865476 0] [-465.1241170720723 169.29133385358276 494.9747468305833 1]",
    "A_05_18mm": "[0.696364240320019 -0.12278780396897278 -0.7071067811865476 0] [0.17364817766693025 0.984807753012208 0.0 0] [0.696364240320019 -0.12278780396897278 0.7071067811865476 0] [-487.45496822401327 85.95146277828096 494.9747468305833 1]",
    "A_06_18mm": "[0.7071067811865476 -8.659560562354934e-17 -0.7071067811865476 0] [1.2246467991473532e-16 1.0 0.0 0] [0.7071067811865476 -8.659560562354934e-17 0.7071067811865476 0] [-494.9747468305833 6.061692393648454e-14 494.9747468305833 1]",
    "A_07_18mm": "[0.696364240320019 0.12278780396897292 -0.7071067811865476 0] [-0.17364817766693044 0.984807753012208 0.0 0] [0.696364240320019 0.12278780396897292 0.7071067811865476 0] [-487.45496822401327 -85.95146277828105 494.9747468305833 1]",
    "A_08_18mm": "[0.6644630243886748 0.2418447626479752 -0.7071067811865476 0] [-0.3420201433256686 0.9396926207859084 0.0 0] [0.6644630243886748 0.2418447626479752 0.7071067811865476 0] [-465.12411707207235 -169.29133385358264 494.9747468305833 1]",
    "A_09_18mm": "[0.6123724356957946 0.35355339059327384 -0.7071067811865476 0] [-0.5000000000000001 0.8660254037844386 0.0 0] [0.6123724356957946 0.35355339059327384 0.7071067811865476 0] [-428.66070498705614 -247.4873734152917 494.9747468305833 1]",
    "A_10_18mm": "[0.5416752204197018 0.45451947767204365 -0.7071067811865476 0] [-0.6427876096865393 0.766044443118978 0.0 0] [0.5416752204197018 0.45451947767204365 0.7071067811865476 0] [-379.1726542937913 -318.16363437043054 494.9747468305833 1]",
    "A_11_18mm": "[0.4545194776720438 0.5416752204197018 -0.7071067811865476 0] [-0.7660444431189779 0.6427876096865395 0.0 0] [0.4545194776720438 0.5416752204197018 0.7071067811865476 0] [-318.16363437043066 -379.17265429379125 494.9747468305833 1]",
    "A_12_18mm": "[0.3535533905932741 0.6123724356957944 -0.7071067811865476 0] [-0.8660254037844384 0.5000000000000004 0.0 0] [0.3535533905932741 0.6123724356957944 0.7071067811865476 0] [-247.48737341529187 -428.6607049870561 494.9747468305833 1]",
    "B_01_18mm": "[0.24184476264797491 0.6644630243886749 -0.7071067811865476 0] [-0.9396926207859085 0.3420201433256682 0.0 0] [0.24184476264797491 0.6644630243886749 0.7071067811865476 0] [-169.29133385358259 -465.12411707207235 494.9747468305833 1]",
    "B_02_18mm": "[0.1227878039689729 0.696364240320019 -0.7071067811865476 0] [-0.984807753012208 0.17364817766693041 0.0 0] [0.1227878039689729 0.696364240320019 0.7071067811865476 0] [-85.95146277828098 -487.45496822401327 494.9747468305833 1]",
    "B_03_18mm": "[2.003070486801522e-16 0.7071067811865476 -0.7071067811865476 0] [-1.0 2.83276944882399e-16 0.0 0] [2.003070486801522e-16 0.7071067811865476 0.7071067811865476 0] [-9.092538590472679e-14 -494.9747468305833 494.9747468305833 1]",
    "B_04_18mm": "[-0.12278780396897251 0.6963642403200191 -0.7071067811865476 0] [-0.9848077530122081 -0.17364817766692986 0.0 0] [-0.12278780396897251 0.6963642403200191 0.7071067811865476 0] [85.95146277828081 -487.4549682240133 494.9747468305833 1]",
    "B_05_18mm": "[-0.24184476264797541 0.6644630243886747 -0.7071067811865476 0] [-0.9396926207859083 -0.34202014332566893 0.0 0] [-0.24184476264797541 0.6644630243886747 0.7071067811865476 0] [169.2913338535828 -465.1241170720723 494.9747468305833 1]",
    "B_06_18mm": "[-0.35355339059327395 0.6123724356957946 -0.7071067811865476 0] [-0.8660254037844386 -0.5000000000000002 0.0 0] [-0.35355339059327395 0.6123724356957946 0.7071067811865476 0] [247.4873734152917 -428.66070498705614 494.9747468305833 1]",
    "B_07_18mm": "[-0.45451947767204376 0.5416752204197018 -0.7071067811865476 0] [-0.766044443118978 -0.6427876096865394 0.0 0] [-0.45451947767204376 0.5416752204197018 0.7071067811865476 0] [318.16363437043054 -379.17265429379137 494.9747468305833 1]",
    "B_08_18mm": "[-0.5416752204197018 0.4545194776720438 -0.7071067811865476 0] [-0.6427876096865395 -0.7660444431189779 0.0 0] [-0.5416752204197018 0.4545194776720438 0.7071067811865476 0] [379.1726542937912 -318.1636343704307 494.9747468305833 1]",
    "B_09_18mm": "[-0.6123724356957945 0.353553390593274 -0.7071067811865476 0] [-0.5000000000000003 -0.8660254037844385 0.0 0] [-0.6123724356957945 0.353553390593274 0.7071067811865476 0] [428.660704987056 -247.48737341529187 494.9747468305833 1]",
    "B_10_18mm": "[-0.6644630243886748 0.2418447626479751 -0.7071067811865476 0] [-0.3420201433256685 -0.9396926207859084 0.0 0] [-0.6644630243886748 0.2418447626479751 0.7071067811865476 0] [465.12411707207235 -169.2913338535826 494.9747468305833 1]",
    "B_11_18mm": "[-0.696364240320019 0.1227878039689728 -0.7071067811865476 0] [-0.17364817766693028 -0.984807753012208 0.0 0] [-0.696364240320019 0.1227878039689728 0.7071067811865476 0] [487.45496822401327 -85.95146277828101 494.9747468305833 1]",
    "B_12_18mm": "[-0.7071067811865476 8.659560562354934e-17 -0.7071067811865476 0] [-1.2246467991473532e-16 -1.0 0.0 0] [-0.7071067811865476 8.659560562354934e-17 0.7071067811865476 0] [494.9747468305833 -1.2123384787296908e-13 494.9747468305833 1]"
}