{
    "C_01_18mm": "[-0.9254165783983234 -0.16317591116653477 -0.3420201433256687 0] [0.17364817766693028 -0.984807753012208 0.0 0] [-0.33682408883346515 -0.05939117461388468 0.9396926207859084 0] [647.7916048788263 114.22313781657436 239.4141003279681 1]",
    "C_02_18mm": "[-0.883022221559489 -0.3213938048432698 -0.3420201433256687 0] [0.3420201433256689 -0.9396926207859083 0.0 0] [-0.3213938048432696 -0.11697777844051102 0.9396926207859084 0] [618.1155550916424 224.97566339028876 239.4141003279681 1]",
    "C_03_18mm": "[-0.8137976813493738 -0.46984631039295416 -0.3420201433256687 0] [0.49999999999999994 -0.8660254037844387 0.0 0] [-0.29619813272602386 -0.17101007166283433 0.9396926207859084 0] [569.6583769445616 328.8924172750679 239.4141003279681 1]",
    "C_04_18mm": "[-0.7198463103929544 -0.6040227735550535 -0.3420201433256687 0] [0.6427876096865391 -0.7660444431189782 0.0 0] [-0.262002630229385 -0.2198463103929541 0.9396926207859084 0] [503.89241727506794 422.81594148853753 239.4141003279681 1]",
    "C_05_18mm": "[-0.6040227735550537 -0.7198463103929542 -0.3420201433256687 0] [0.766044443118978 -0.6427876096865394 0.0 0] [-0.2198463103929542 -0.2620026302293849 0.9396926207859084 0] [422.8159414885376 503.89241727506794 239.4141003279681 1]",
    "C_06_18mm": "[-0.46984631039295444 -0.8137976813493737 -0.3420201433256687 0] [0.8660254037844386 -0.5000000000000002 0.0 0] [-0.17101007166283444 -0.2961981327260238 0.9396926207859084 0] [328.892417275068 569.6583769445616 239.4141003279681 1]",
    "C_07_18mm": "[-0.32139380484326985 -0.883022221559489 -0.3420201433256687 0] [0.9396926207859083 -0.34202014332566893 0.0 0] [-0.11697777844051105 -0.3213938048432696 0.9396926207859084 0] [224.97566339028882 618.1155550916422 239.4141003279681 1]",
    "C_08_18mm": "[-0.1631759111665348 -0.9254165783983234 -0.3420201433256687 0] [0.984807753012208 -0.1736481776669303 0.0 0] [-0.059391174613884684 -0.33682408883346515 0.9396926207859084 0] [114.22313781657442 647.7916048788263 239.4141003279681 1]",
    "C_09_18mm": "[-1.5111409872198179e-16 -0.9396926207859084 -0.3420201433256687 0] [1.0 -1.6081226496766366e-16 0.0 0] [-5.500103391276574e-17 -0.3420201433256687 0.9396926207859084 0] [4.027770460797476e-14 657.7848345501359 239.4141003279681 1]",
    "C_10_18mm": "[0.1631759111665347 -0.9254165783983235 -0.3420201433256687 0] [0.9848077530122081 0.17364817766693022 0.0 0] [0.059391174613884656 -0.33682408883346515 0.9396926207859084 0] [-114.22313781657435 647.7916048788263 239.4141003279681 1]",
    "C_11_18mm": "[0.32139380484326974 -0.883022221559489 -0.3420201433256687 0] [0.9396926207859083 0.3420201433256688 0.0 0] [0.11697777844051101 -0.3213938048432696 0.9396926207859084 0] [-224.97566339028876 618.1155550916424 239.4141003279681 1]",
    "C_12_18mm": "[0.46984631039295394 -0.8137976813493739 -0.3420201433256687 0] [0.8660254037844388 0.4999999999999997 0.0 0] [0.17101007166283427 -0.2961981327260239 0.9396926207859084 0] [-328.89241727506777 569.6583769445616 239.4141003279681 1]",
    "A_01_18mm": "[0.6040227735550537 -0.7198463103929542 -0.3420201433256687 0] [0.766044443118978 0.6427876096865394 0.0 0] [0.2198463103929542 -0.2620026302293849 0.9396926207859084 0] [-422.8159414885376 503.89241727506794 239.4141003279681 1]",
    "A_02_18mm": "[0.7198463103929541 -0.6040227735550538 -0.3420201433256687 0] [0.6427876096865395 0.7660444431189779 0.0 0] [0.2620026302293849 -0.21984631039295424 0.9396926207859084 0] [-503.8924172750679 422.8159414885377 239.4141003279681 1]",
    "A_03_18mm": "[0.8137976813493738 -0.46984631039295416 -0.3420201433256687 0] [0.49999999999999994 0.8660254037844387 0.0 0] [0.29619813272602386 -0.17101007166283433 0.9396926207859084 0] [-569.6583769445616 328.8924172750679 239.4141003279681 1]",
    "A_04_18mm": "[0.883022221559489 -0.32139380484326985 -0.3420201433256687 0] [0.34202014332566893 0.9396926207859083 0.0 0] [0.3213938048432696 -0.11697777844051105 0.9396926207859084 0] [-618.1155550916422 224.97566339028887 239.4141003279681 1]",
    "A_05_18mm": "[0.9254165783983234 -0.16317591116653477 -0.3420201433256687 0] [0.17364817766693028 0.984807753012208 0.0 0] [0.33682408883346515 -0.05939117461388468 0.9396926207859084 0] [-647.7916048788263 114.22313781657434 239.4141003279681 1]",
    "A_06_18mm": "[0.9396926207859084 -1.1507915602278503e-16 -0.3420201433256687 0] [1.2246467991473532e-16 1.0 0.0 0] [0.3420201433256687 -4.188538737676992e-17 0.9396926207859084 0] [-657.7848345501359 8.055540921594952e-14 239.4141003279681 1]",
    "A_07_18mm": "[0.9254165783983234 0.16317591116653496 -0.3420201433256687 0] [-0.17364817766693047 0.984807753012208 0.0 0] [0.33682408883346515 0.05939117461388475 0.9396926207859084 0] [-647.7916048788263 -114.22313781657446 239.4141003279681 1]",
    "A_08_18mm": "[0.8830222215594891 0.3213938048432696 -0.3420201433256687 0] [-0.34202014332566866 0.9396926207859084 0.0 0] [0.3213938048432697 0.11697777844051095 0.9396926207859084 0] [-618.1155550916424 -224.97566339028873 239.4141003279681 1]",
    "A_09_18mm": "[0.8137976813493737 0.4698463103929542 -0.3420201433256687 0] [-0.5 0.8660254037844386 0.0 0] [0.2961981327260238 0.17101007166283436 0.9396926207859084 0] [-569.6583769445616 -328.892417275068 239.4141003279681 1]",
    "A_10_18mm": "[0.7198463103929542 0.6040227735550536 -0.3420201433256687 0] [-0.6427876096865393 0.766044443118978 0.0 0] [0.2620026302293849 0.21984631039295416 0.9396926207859084 0] [-503.89241727506794 -422.81594148853753 239.4141003279681 1]",
    "A_11_18mm": "[0.6040227735550538 0.7198463103929541 -0.3420201433256687 0] [-0.7660444431189779 0.6427876096865395 0.0 0] [0.21984631039295424 0.2620026302293849 0.9396926207859084 0] [-422.8159414885377 -503.8924172750679 239.4141003279681 1]",
    "A_12_18mm": "[0.46984631039295455 0.8137976813493736 -0.3420201433256687 0] [-0.8660254037844385 0.5000000000000003 0.0 0] [0.17101007166283447 0.29619813272602374 0.9396926207859084 0] [-328.8924172750682 -569.6583769445615 239.4141003279681 1]",
    "B_01_18mm": "[0.32139380484326957 0.8830222215594891 -0.3420201433256687 0] [-0.9396926207859084 0.3420201433256686 0.0 0] [0.11697777844051092 0.3213938048432697 0.9396926207859084 0] [-224.97566339028864 -618.1155550916424 239.4141003279681 1]",
    "B_02_18mm": "[0.1631759111665349 0.9254165783983234 -0.3420201433256687 0] [-0.984807753012208 0.17364817766693041 0.0 0] [0.059391174613884726 0.33682408883346515 0.9396926207859084 0] [-114.22313781657436 -647.7916048788263 239.4141003279681 1]",
    "B_03_18mm": "[2.661932547447668e-16 0.9396926207859084 -0.3420201433256687 0] [-1.0 2.83276944882399e-16 0.0 0] [9.688642128953566e-17 0.3420201433256687 0.9396926207859084 0] [-1.2083311382392429e-13 -657.7848345501359 239.4141003279681 1]",
    "B_04_18mm": "[-0.16317591116653438 0.9254165783983235 -0.3420201433256687 0] [-0.9848077530122081 -0.17364817766692986 0.0 0] [-0.05939117461388454 0.33682408883346515 0.9396926207859084 0] [114.22313781657414 -647.7916048788264 239.4141003279681 1]",
    "B_05_18mm": "[-0.32139380484326985 0.883022221559489 -0.3420201433256687 0] [-0.9396926207859083 -0.34202014332566893 0.0 0] [-0.11697777844051105 0.3213938048432696 0.9396926207859084 0] [224.97566339028893 -618.1155550916422 239.4141003279681 1]",
    "B_06_18mm": "[-0.46984631039295444 0.8137976813493737 -0.3420201433256687 0] [-0.8660254037844386 -0.5000000000000002 0.0 0] [-0.17101007166283444 0.2961981327260238 0.9396926207859084 0] [328.892417275068 -569.6583769445616 239.4141003279681 1]",
    "B_07_18mm": "[-0.6040227735550537 0.7198463103929542 -0.3420201433256687 0] [-0.766044443118978 -0.6427876096865394 0.0 0] [-0.2198463103929542 0.2620026302293849 0.9396926207859084 0] [422.81594148853753 -503.892417275068 239.4141003279681 1]",
    "B_08_18mm": "[-0.7198463103929541 0.6040227735550538 -0.3420201433256687 0] [-0.6427876096865395 -0.7660444431189779 0.0 0] [-0.2620026302293849 0.21984631039295424 0.9396926207859084 0] [503.89241727506777 -422.81594148853776 239.4141003279681 1]",
    "B_09_18mm": "[-0.8137976813493736 0.46984631039295455 -0.3420201433256687 0] [-0.5000000000000003 -0.8660254037844385 0.0 0] [-0.29619813272602374 0.17101007166283447 0.9396926207859084 0] [569.6583769445614 -328.8924172750682 239.4141003279681 1]",
    "B_10_18mm": "[-0.8830222215594891 0.32139380484326946 -0.3420201433256687 0] [-0.3420201433256685 -0.9396926207859084 0.0 0] [-0.3213938048432697 0.1169777784405109 0.9396926207859084 0] [618.1155550916424 -224.97566339028867 239.4141003279681 1]",
    "B_11_18mm": "[-0.9254165783983234 0.16317591116653477 -0.3420201433256687 0] [-0.17364817766693028 -0.984807753012208 0.0 0] [-0.33682408883346515 0.05939117461388468 0.9396926207859084 0] [647.7916048788263 -114.22313781657441 239.4141003279681 1]",
    "B_12_18mm": "[-0.9396926207859084 1.1507915602278503e-16 -0.3420201433256687 0] [-1.2246467991473532e-16 -1.0 0.0 0] [-0.3420201433256687 4.188538737676992e-17 0.9396926207859084 0] [657.7848345501359 -1.6111081843189905e-13 239.4141003279681 1]"
}