{
    "C_01_18mm": "[-0.8528685319524433 -0.15038373318043524 -0.49999999999999994 0] [0.17364817766693028 -0.984807753012208 0.0 0] [-0.49240387650610395 -0.08682408883346512 0.8660254037844387 0] [511.72111917146594 90.23023990826117 299.99999999999994 1]",
    "C_02_18mm": "[-0.8137976813493737 -0.29619813272602397 -0.49999999999999994 0] [0.3420201433256689 -0.9396926207859083 0.0 0] [-0.4698463103929541 -0.1710100716628344 0.8660254037844387 0] [488.27860880962425 177.71887963561431 299.99999999999994 1]",
    "C_03_18mm": "[-0.7500000000000001 -0.4330127018922193 -0.49999999999999994 0] [0.49999999999999994 -0.8660254037844387 0.0 0] [-0.4330127018922193 -0.24999999999999994 0.8660254037844387 0] [450.00000000000006 259.80762113533154 299.99999999999994 1]",
    "C_04_18mm": "[-0.6634139481689386 -0.5566703992264193 -0.49999999999999994 0] [0.6427876096865391 -0.7660444431189782 0.0 0] [-0.38302222155948906 -0.3213938048432695 0.8660254037844387 0] [398.04836890136306 334.0022395358516 299.99999999999994 1]",
    "C_05_18mm": "[-0.5566703992264195 -0.6634139481689384 -0.49999999999999994 0] [0.766044443118978 -0.6427876096865394 0.0 0] [-0.3213938048432696 -0.38302222155948895 0.8660254037844387 0] [334.00223953585163 398.04836890136306 299.99999999999994 1]",
    "C_06_18mm": "[-0.4330127018922195 -0.75 -0.49999999999999994 0] [0.8660254037844386 -0.5000000000000002 0.0 0] [-0.25000000000000006 -0.43301270189221924 0.8660254037844387 0] [259.80762113533166 450.0 299.99999999999994 1]",
    "C_07_18mm": "[-0.296198132726024 -0.8137976813493737 -0.49999999999999994 0] [0.9396926207859083 -0.34202014332566893 0.0 0] [-0.17101007166283444 -0.4698463103929541 0.8660254037844387 0] [177.71887963561437 488.2786088096242 299.99999999999994 1]",
    "C_08_18mm": "[-0.15038373318043527 -0.8528685319524433 -0.49999999999999994 0] [0.984807753012208 -0.1736481776669303 0.0 0] [-0.08682408883346514 -0.49240387650610395 0.8660254037844387 0] [90.23023990826121 511.72111917146594 299.99999999999994 1]",
    "C_09_18mm": "[-1.3926750670211107e-16 -0.8660254037844387 -0.49999999999999994 0] [1.0 -1.6081226496766366e-16 0.0 0] [-8.040613248383182e-17 -0.49999999999999994 0.8660254037844387 0] [3.1817257161747206e-14 519.6152422706632 299.99999999999994 1]",
    "C_10_18mm": "[0.1503837331804352 -0.8528685319524434 -0.49999999999999994 0] [0.9848077530122081 0.17364817766693022 0.0 0] [0.0868240888334651 -0.492403876506104 0.8660254037844387 0] [-90.23023990826115 511.72111917146594 299.99999999999994 1]",
    "C_11_18mm": "[0.29619813272602374 -0.8137976813493738 -0.49999999999999994 0] [0.9396926207859084 0.3420201433256686 0.0 0] [0.17101007166283427 -0.46984631039295416 0.8660254037844387 0] [-177.71887963561431 488.27860880962425 299.99999999999994 1]",
    "C_12_18mm": "[0.43301270189221924 -0.7500000000000001 -0.49999999999999994 0] [0.8660254037844387 0.4999999999999999 0.0 0] [0.24999999999999992 -0.4330127018922193 0.8660254037844387 0] [-259.8076211353315 450.00000000000006 299.99999999999994 1]",
    "A_01_18mm": "[0.5566703992264194 -0.6634139481689385 -0.49999999999999994 0] [0.7660444431189781 0.6427876096865393 0.0 0] [0.32139380484326957 -0.383022221559489 0.8660254037844387 0] [-334.00223953585163 398.04836890136306 299.99999999999994 1]",
    "A_02_18mm": "[0.6634139481689384 -0.5566703992264195 -0.49999999999999994 0] [0.6427876096865394 0.766044443118978 0.0 0] [0.38302222155948895 -0.3213938048432696 0.8660254037844387 0] [-398.048368901363 334.0022395358517 299.99999999999994 1]",
    "A_03_18mm": "[0.7500000000000001 -0.4330127018922192 -0.49999999999999994 0] [0.49999999999999983 0.8660254037844387 0.0 0] [0.4330127018922193 -0.2499999999999999 0.8660254037844387 0] [-450.00000000000006 259.80762113533154 299.99999999999994 1]",
    "A_04_18mm": "[0.8137976813493737 -0.296198132726024 -0.49999999999999994 0] [0.34202014332566893 0.9396926207859083 0.0 0] [0.4698463103929541 -0.17101007166283444 0.8660254037844387 0] [-488.2786088096242 177.7188796356144 299.99999999999994 1]",
    "A_05_18mm": "[0.8528685319524433 -0.15038373318043524 -0.49999999999999994 0] [0.17364817766693028 0.984807753012208 0.0 0] [0.49240387650610395 -0.08682408883346512 0.8660254037844387 0] [-511.72111917146594 90.23023990826114 299.99999999999994 1]",
    "A_06_18mm": "[0.8660254037844387 -1.0605752387249069e-16 -0.49999999999999994 0] [1.2246467991473532e-16 1.0 0.0 0] [0.49999999999999994 -6.123233995736765e-17 0.8660254037844387 0] [-519.6152422706632 6.363451432349441e-14 299.99999999999994 1]",
    "A_07_18mm": "[0.8528685319524433 0.15038373318043538 -0.49999999999999994 0] [-0.17364817766693044 0.984807753012208 0.0 0] [0.49240387650610395 0.08682408883346521 0.8660254037844387 0] [-511.72111917146594 -90.23023990826124 299.99999999999994 1]",
    "A_08_18mm": "[0.8137976813493738 0.2961981327260238 -0.49999999999999994 0] [-0.34202014332566866 0.9396926207859084 0.0 0] [0.46984631039295416 0.1710100716628343 0.8660254037844387 0] [-488.27860880962425 -177.71887963561426 299.99999999999994 1]",
    "A_09_18mm": "[0.75 0.43301270189221946 -0.49999999999999994 0] [-0.5000000000000001 0.8660254037844386 0.0 0] [0.43301270189221924 0.25 0.8660254037844387 0] [-450.0 -259.80762113533166 299.99999999999994 1]",
    "A_10_18mm": "[0.6634139481689384 0.5566703992264194 -0.49999999999999994 0] [-0.6427876096865393 0.766044443118978 0.0 0] [0.38302222155948895 0.32139380484326957 0.8660254037844387 0] [-398.04836890136306 -334.0022395358516 299.99999999999994 1]",
    "A_11_18mm": "[0.5566703992264196 0.6634139481689383 -0.49999999999999994 0] [-0.7660444431189779 0.6427876096865395 0.0 0] [0.3213938048432697 0.3830222215594889 0.8660254037844387 0] [-334.0022395358517 -398.048368901363 299.99999999999994 1]",
    "A_12_18mm": "[0.43301270189221963 0.7499999999999999 -0.49999999999999994 0] [-0.8660254037844385 0.5000000000000003 0.0 0] [0.2500000000000001 0.4330127018922192 0.8660254037844387 0] [-259.80762113533183 -449.99999999999994 299.99999999999994 1]",
    "B_01_18mm": "[0.29619813272602374 0.8137976813493738 -0.49999999999999994 0] [-0.9396926207859084 0.3420201433256686 0.0 0] [0.17101007166283427 0.46984631039295416 0.8660254037844387 0] [-177.7188796356142 -488.27860880962425 299.99999999999994 1]",
    "B_02_18mm": "[0.15038373318043535 0.8528685319524433 -0.49999999999999994 0] [-0.984807753012208 0.17364817766693041 0.0 0] [0.0868240888334652 0.49240387650610395 0.8660254037844387 0] [-90.23023990826117 -511.72111917146594 299.99999999999994 1]",
    "B_03_18mm": "[2.453250305746018e-16 0.8660254037844387 -0.49999999999999994 0] [-1.0 2.83276944882399e-16 0.0 0] [1.4163847244119947e-16 0.49999999999999994 0.8660254037844387 0] [-9.545177148524161e-14 -519.6152422706632 299.99999999999994 1]",
    "B_04_18mm": "[-0.15038373318043488 0.8528685319524434 -0.49999999999999994 0] [-0.9848077530122081 -0.17364817766692986 0.0 0] [-0.08682408883346492 0.492403876506104 0.8660254037844387 0] [90.23023990826098 -511.721119171466 299.99999999999994 1]",
    "B_05_18mm": "[-0.2961981327260242 0.8137976813493736 -0.49999999999999994 0] [-0.9396926207859082 -0.3420201433256691 0.0 0] [-0.17101007166283452 0.46984631039295405 0.8660254037844387 0] [177.71887963561446 -488.2786088096242 299.99999999999994 1]",
    "B_06_18mm": "[-0.4330127018922195 0.75 -0.49999999999999994 0] [-0.8660254037844386 -0.5000000000000002 0.0 0] [-0.25000000000000006 0.43301270189221924 0.8660254037844387 0] [259.80762113533166 -450.0 299.99999999999994 1]",
    "B_07_18mm": "[-0.5566703992264195 0.6634139481689384 -0.49999999999999994 0] [-0.766044443118978 -0.6427876096865394 0.0 0] [-0.3213938048432696 0.38302222155948895 0.8660254037844387 0] [334.0022395358516 -398.0483689013631 299.99999999999994 1]",
    "B_08_18mm": "[-0.6634139481689383 0.5566703992264196 -0.49999999999999994 0] [-0.6427876096865395 -0.7660444431189779 0.0 0] [-0.3830222215594889 0.3213938048432697 0.8660254037844387 0] [398.04836890136295 -334.00223953585174 299.99999999999994 1]",
    "B_09_18mm": "[-0.7499999999999999 0.43301270189221963 -0.49999999999999994 0] [-0.5000000000000003 -0.8660254037844385 0.0 0] [-0.4330127018922192 0.2500000000000001 0.8660254037844387 0] [449.9999999999999 -259.80762113533183 299.99999999999994 1]",
    "B_10_18mm": "[-0.8137976813493738 0.29619813272602363 -0.49999999999999994 0] [-0.3420201433256685 -0.9396926207859084 0.0 0] [-0.46984631039295416 0.17101007166283422 0.8660254037844387 0] [488.27860880962425 -177.71887963561423 299.99999999999994 1]",
    "B_11_18mm": "[-0.8528685319524433 0.15038373318043524 -0.49999999999999994 0] [-0.17364817766693028 -0.984807753012208 0.0 0] [-0.49240387650610395 0.08682408883346512 0.8660254037844387 0] [511.72111917146594 -90.2302399082612 299.99999999999994 1]",
    "B_12_18mm": "[-0.8660254037844387 1.0605752387249069e-16 -0.49999999999999994 0] [-1.2246467991473532e-16 -1.0 0.0 0] [-0.49999999999999994 6.123233995736765e-17 0.8660254037844387 0] [519.6152422706632 -1.2726902864698882e-13 299.99999999999994 1]"
}