{
    "C_01_18mm": "[-0.9254165783983234 -0.16317591116653477 -0.3420201433256687 0] [0.17364817766693028 -0.984807753012208 0.0 0] [-0.33682408883346515 -0.05939117461388468 0.9396926207859084 0] [462.70828919916164 81.5879555832674 171.01007166283435 1]",
    "C_02_18mm": "[-0.883022221559489 -0.3213938048432698 -0.3420201433256687 0] [0.3420201433256689 -0.9396926207859083 0.0 0] [-0.3213938048432696 -0.11697777844051102 0.9396926207859084 0] [441.5111107797445 160.69690242163483 171.01007166283435 1]",
    "C_03_18mm": "[-0.8137976813493738 -0.46984631039295416 -0.3420201433256687 0] [0.49999999999999994 -0.8660254037844387 0.0 0] [-0.29619813272602386 -0.17101007166283433 0.9396926207859084 0] [406.8988406746869 234.92315519647707 171.01007166283435 1]",
    "C_04_18mm": "[-0.7198463103929541 -0.6040227735550538 -0.3420201433256687 0] [0.6427876096865395 -0.7660444431189779 0.0 0] [-0.2620026302293849 -0.21984631039295424 0.9396926207859084 0] [359.92315519647707 302.0113867775268 171.01007166283435 1]",
    "C_05_18mm": "[-0.6040227735550537 -0.7198463103929542 -0.3420201433256687 0] [0.766044443118978 -0.6427876096865394 0.0 0] [-0.2198463103929542 -0.2620026302293849 0.9396926207859084 0] [302.01138677752687 359.92315519647707 171.01007166283435 1]",
    "C_06_18mm": "[-0.46984631039295444 -0.8137976813493737 -0.3420201433256687 0] [0.8660254037844386 -0.5000000000000002 0.0 0] [-0.17101007166283444 -0.2961981327260238 0.9396926207859084 0] [234.92315519647715 406.8988406746868 171.01007166283435 1]",
    "C_07_18mm": "[-0.32139380484326985 -0.883022221559489 -0.3420201433256687 0] [0.9396926207859083 -0.34202014332566893 0.0 0] [-0.11697777844051105 -0.3213938048432696 0.9396926207859084 0] [160.6969024216349 441.51111077974446 171.01007166283435 1]",
    "C_08_18mm": "[-0.163175911166535 -0.9254165783983234 -0.3420201433256687 0] [0.984807753012208 -0.17364817766693053 0.0 0] [-0.05939117461388476 -0.33682408883346515 0.9396926207859084 0] [81.58795558326744 462.70828919916164 171.01007166283435 1]",
    "C_09_18mm": "[-1.5111409872198179e-16 -0.9396926207859084 -0.3420201433256687 0] [1.0 -1.6081226496766366e-16 0.0 0] [-5.500103391276574e-17 -0.3420201433256687 0.9396926207859084 0] [2.876978900569626e-14 469.8463103929542 171.01007166283435 1]",
    "C_10_18mm": "[0.1631759111665347 -0.9254165783983235 -0.3420201433256687 0] [0.9848077530122081 0.17364817766693022 0.0 0] [0.059391174613884656 -0.33682408883346515 0.9396926207859084 0] [-81.58795558326739 462.70828919916164 171.01007166283435 1]",
    "C_11_18mm": "[0.32139380484326974 -0.883022221559489 -0.3420201433256687 0] [0.9396926207859083 0.3420201433256688 0.0 0] [0.11697777844051101 -0.3213938048432696 0.9396926207859084 0] [-160.69690242163483 441.5111107797445 171.01007166283435 1]",
    "C_12_18mm": "[0.46984631039295394 -0.8137976813493739 -0.3420201433256687 0] [0.8660254037844388 0.4999999999999997 0.0 0] [0.17101007166283427 -0.2961981327260239 0.9396926207859084 0] [-234.92315519647698 406.8988406746869 171.01007166283435 1]",
    "A_01_18mm": "[0.6040227735550538 -0.7198463103929541 -0.3420201433256687 0] [0.7660444431189779 0.6427876096865395 0.0 0] [0.21984631039295424 -0.2620026302293849 0.9396926207859084 0] [-302.01138677752687 359.92315519647707 171.01007166283435 1]",
    "A_02_18mm": "[0.719846310392954 -0.6040227735550541 -0.3420201433256687 0] [0.6427876096865397 0.7660444431189778 0.0 0] [0.26200263022938486 -0.2198463103929543 0.9396926207859084 0] [-359.923155196477 302.0113867775269 171.01007166283435 1]",
    "A_03_18mm": "[0.8137976813493738 -0.46984631039295416 -0.3420201433256687 0] [0.49999999999999994 0.8660254037844387 0.0 0] [0.29619813272602386 -0.17101007166283433 0.9396926207859084 0] [-406.8988406746869 234.92315519647707 171.01007166283435 1]",
    "A_04_18mm": "[0.883022221559489 -0.32139380484326985 -0.3420201433256687 0] [0.34202014332566893 0.9396926207859083 0.0 0] [0.3213938048432696 -0.11697777844051105 0.9396926207859084 0] [-441.51111077974446 160.6969024216349 171.01007166283435 1]",
    "A_05_18mm": "[0.9254165783983234 -0.16317591116653477 -0.3420201433256687 0] [0.17364817766693028 0.984807753012208 0.0 0] [0.33682408883346515 -0.05939117461388468 0.9396926207859084 0] [-462.70828919916164 81.58795558326737 171.01007166283435 1]",
    "A_06_18mm": "[0.9396926207859084 -1.1507915602278503e-16 -0.3420201433256687 0] [1.2246467991473532e-16 1.0 0.0 0] [0.3420201433256687 -4.188538737676992e-17 0.9396926207859084 0] [-469.8463103929542 5.753957801139252e-14 171.01007166283435 1]",
    "A_07_18mm": "[0.9254165783983234 0.16317591116653496 -0.3420201433256687 0] [-0.1736481776669305 0.984807753012208 0.0 0] [0.33682408883346515 0.059391174613884753 0.9396926207859084 0] [-462.70828919916164 -81.58795558326747 171.01007166283435 1]",
    "A_08_18mm": "[0.8830222215594891 0.3213938048432696 -0.3420201433256687 0] [-0.34202014332566866 0.9396926207859084 0.0 0] [0.3213938048432697 0.11697777844051095 0.9396926207859084 0] [-441.5111107797445 -160.6969024216348 171.01007166283435 1]",
    "A_09_18mm": "[0.8137976813493737 0.4698463103929543 -0.3420201433256687 0] [-0.5000000000000001 0.8660254037844386 0.0 0] [0.2961981327260238 0.17101007166283438 0.9396926207859084 0] [-406.8988406746868 -234.92315519647715 171.01007166283435 1]",
    "A_10_18mm": "[0.7198463103929542 0.6040227735550536 -0.3420201433256687 0] [-0.6427876096865393 0.766044443118978 0.0 0] [0.2620026302293849 0.21984631039295416 0.9396926207859084 0] [-359.92315519647707 -302.0113867775268 171.01007166283435 1]",
    "A_11_18mm": "[0.6040227735550538 0.7198463103929541 -0.3420201433256687 0] [-0.7660444431189779 0.6427876096865395 0.0 0] [0.21984631039295424 0.2620026302293849 0.9396926207859084 0] [-302.0113867775269 -359.923155196477 171.01007166283435 1]",
    "A_12_18mm": "[0.46984631039295466 0.8137976813493735 -0.3420201433256687 0] [-0.8660254037844384 0.5000000000000004 0.0 0] [0.1710100716628345 0.29619813272602374 0.9396926207859084 0] [-234.9231551964773 -406.89884067468677 171.01007166283435 1]",
    "B_01_18mm": "[0.32139380484326957 0.8830222215594891 -0.3420201433256687 0] [-0.9396926207859084 0.3420201433256686 0.0 0] [0.11697777844051092 0.3213938048432697 0.9396926207859084 0] [-160.69690242163475 -441.5111107797445 171.01007166283435 1]",
    "B_02_18mm": "[0.1631759111665349 0.9254165783983234 -0.3420201433256687 0] [-0.984807753012208 0.17364817766693041 0.0 0] [0.059391174613884726 0.33682408883346515 0.9396926207859084 0] [-81.5879555832674 -462.70828919916164 171.01007166283435 1]",
    "B_03_18mm": "[2.661932547447668e-16 0.9396926207859084 -0.3420201433256687 0] [-1.0 2.83276944882399e-16 0.0 0] [9.688642128953566e-17 0.3420201433256687 0.9396926207859084 0] [-8.630936701708877e-14 -469.8463103929542 171.01007166283435 1]",
    "B_04_18mm": "[-0.16317591116653438 0.9254165783983235 -0.3420201433256687 0] [-0.9848077530122081 -0.17364817766692986 0.0 0] [-0.05939117461388454 0.33682408883346515 0.9396926207859084 0] [81.58795558326723 -462.7082891991617 171.01007166283435 1]",
    "B_05_18mm": "[-0.32139380484326985 0.883022221559489 -0.3420201433256687 0] [-0.9396926207859083 -0.34202014332566893 0.0 0] [-0.11697777844051105 0.3213938048432696 0.9396926207859084 0] [160.69690242163495 -441.51111077974446 171.01007166283435 1]",
    "B_06_18mm": "[-0.46984631039295444 0.8137976813493737 -0.3420201433256687 0] [-0.8660254037844386 -0.5000000000000002 0.0 0] [-0.17101007166283444 0.2961981327260238 0.9396926207859084 0] [234.92315519647715 -406.8988406746868 171.01007166283435 1]",
    "B_07_18mm": "[-0.6040227735550537 0.7198463103929542 -0.3420201433256687 0] [-0.766044443118978 -0.6427876096865394 0.0 0] [-0.2198463103929542 0.2620026302293849 0.9396926207859084 0] [302.0113867775268 -359.9231551964771 171.01007166283435 1]",
    "B_08_18mm": "[-0.7198463103929538 0.6040227735550542 -0.3420201433256687 0] [-0.6427876096865398 -0.7660444431189776 0.0 0] [-0.2620026302293848 0.21984631039295435 0.9396926207859084 0] [359.92315519647696 -302.011386777527 171.01007166283435 1]",
    "B_09_18mm": "[-0.8137976813493736 0.46984631039295455 -0.3420201433256687 0] [-0.5000000000000003 -0.8660254037844385 0.0 0] [-0.29619813272602374 0.17101007166283447 0.9396926207859084 0] [406.8988406746867 -234.9231551964773 171.01007166283435 1]",
    "B_10_18mm": "[-0.8830222215594891 0.32139380484326946 -0.3420201433256687 0] [-0.3420201433256685 -0.9396926207859084 0.0 0] [-0.3213938048432697 0.1169777784405109 0.9396926207859084 0] [441.5111107797445 -160.69690242163477 171.01007166283435 1]",
    "B_11_18mm": "[-0.9254165783983234 0.16317591116653477 -0.3420201433256687 0] [-0.17364817766693028 -0.984807753012208 0.0 0] [-0.33682408883346515 0.05939117461388468 0.9396926207859084 0] [462.70828919916164 -81.58795558326743 171.01007166283435 1]",
    "B_12_18mm": "[-0.9396926207859084 1.1507915602278503e-16 -0.3420201433256687 0] [-1.2246467991473532e-16 -1.0 0.0 0] [-0.3420201433256687 4.188538737676992e-17 0.9396926207859084 0] [469.8463103929542 -1.1507915602278503e-13 171.01007166283435 1]"
}