{
    "C_01_18mm": "[-0.9810602621904069 -0.1729873939250894 -0.08715574274765817 0] [0.17364817766693028 -0.984807753012208 0.0 0] [-0.08583165117743129 -0.015134435901338615 0.9961946980917455 0] [588.6361573142441 103.79243635505367 52.2934456485949 1]",
    "C_02_18mm": "[-0.9361168066628591 -0.34071865342161023 -0.08715574274765817 0] [0.3420201433256689 -0.9396926207859083 0.0 0] [-0.08189960831908932 -0.02980901962620917 0.9961946980917455 0] [561.6700839977156 204.43119205296605 52.2934456485949 1]",
    "C_03_18mm": "[-0.862729915662821 -0.4980973490458727 -0.08715574274765817 0] [0.49999999999999994 -0.8660254037844387 0.0 0] [-0.07547908730517333 -0.043577871373829076 0.9961946980917455 0] [517.6379493976925 298.8584094275236 52.2934456485949 1]",
    "C_04_18mm": "[-0.7631294127377696 -0.640341608768797 -0.08715574274765817 0] [0.6427876096865395 -0.7660444431189779 0.0 0] [-0.06676517241775069 -0.05602263155122214 0.9961946980917455 0] [457.87764764266177 384.20496526127806 52.2934456485949 1]",
    "C_05_18mm": "[-0.6403416087687969 -0.7631294127377697 -0.08715574274765817 0] [0.766044443118978 -0.6427876096865394 0.0 0] [-0.056022631551222134 -0.0667651724177507 0.9961946980917455 0] [384.2049652612781 457.87764764266177 52.2934456485949 1]",
    "C_06_18mm": "[-0.498097349045873 -0.8627299156628209 -0.08715574274765817 0] [0.8660254037844386 -0.5000000000000002 0.0 0] [-0.043577871373829104 -0.07547908730517332 0.9961946980917455 0] [298.8584094275237 517.6379493976925 52.2934456485949 1]",
    "C_07_18mm": "[-0.3407186534216103 -0.9361168066628591 -0.08715574274765817 0] [0.9396926207859083 -0.34202014332566893 0.0 0] [-0.029809019626209177 -0.08189960831908932 0.9961946980917455 0] [204.4311920529661 561.6700839977154 52.2934456485949 1]",
    "C_08_18mm": "[-0.17298739392508963 -0.9810602621904069 -0.08715574274765817 0] [0.984807753012208 -0.17364817766693053 0.0 0] [-0.015134435901338637 -0.08583165117743129 0.9961946980917455 0] [103.79243635505372 588.6361573142441 52.2934456485949 1]",
    "C_09_18mm": "[-1.602003257489115e-16 -0.9961946980917455 -0.08715574274765817 0] [1.0 -1.6081226496766366e-16 0.0 0] [-1.4015712396189935e-17 -0.08715574274765817 0.9961946980917455 0] [3.6599599450368604e-14 597.7168188550473 52.2934456485949 1]",
    "C_10_18mm": "[0.17298739392508952 -0.9810602621904069 -0.08715574274765817 0] [0.984807753012208 0.17364817766693041 0.0 0] [0.015134435901338627 -0.08583165117743129 0.9961946980917455 0] [-103.79243635505365 588.6361573142441 52.2934456485949 1]",
    "C_11_18mm": "[0.34071865342160995 -0.9361168066628592 -0.08715574274765817 0] [0.9396926207859084 0.3420201433256686 0.0 0] [0.029809019626209146 -0.08189960831908934 0.9961946980917455 0] [-204.43119205296605 561.6700839977156 52.2934456485949 1]",
    "C_12_18mm": "[0.49809734904587266 -0.862729915662821 -0.08715574274765817 0] [0.8660254037844387 0.4999999999999999 0.0 0] [0.043577871373829076 -0.07547908730517333 0.9961946980917455 0] [-298.85840942752355 517.6379493976925 52.2934456485949 1]",
    "A_01_18mm": "[0.6403416087687969 -0.7631294127377697 -0.08715574274765817 0] [0.766044443118978 0.6427876096865394 0.0 0] [0.056022631551222134 -0.0667651724177507 0.9961946980917455 0] [-384.2049652612781 457.87764764266177 52.2934456485949 1]",
    "A_02_18mm": "[0.7631294127377696 -0.640341608768797 -0.08715574274765817 0] [0.6427876096865395 0.7660444431189779 0.0 0] [0.06676517241775069 -0.05602263155122214 0.9961946980917455 0] [-457.8776476426617 384.2049652612782 52.2934456485949 1]",
    "A_03_18mm": "[0.862729915662821 -0.4980973490458727 -0.08715574274765817 0] [0.49999999999999994 0.8660254037844387 0.0 0] [0.07547908730517333 -0.043577871373829076 0.9961946980917455 0] [-517.6379493976925 298.8584094275236 52.2934456485949 1]",
    "A_04_18mm": "[0.9361168066628591 -0.3407186534216103 -0.08715574274765817 0] [0.34202014332566893 0.9396926207859083 0.0 0] [0.08189960831908932 -0.029809019626209177 0.9961946980917455 0] [-561.6700839977154 204.43119205296614 52.2934456485949 1]",
    "A_05_18mm": "[0.9810602621904069 -0.17298739392508944 -0.08715574274765817 0] [0.1736481776669303 0.984807753012208 0.0 0] [0.08583165117743129 -0.015134435901338618 0.9961946980917455 0] [-588.6361573142441 103.79243635505364 52.2934456485949 1]",
    "A_06_18mm": "[0.9961946980917455 -1.2199866483456202e-16 -0.08715574274765817 0] [1.2246467991473532e-16 1.0 0.0 0] [0.08715574274765817 -1.0673500138322972e-17 0.9961946980917455 0] [-597.7168188550473 7.319919890073721e-14 52.2934456485949 1]",
    "A_07_18mm": "[0.9810602621904069 0.17298739392508958 -0.08715574274765817 0] [-0.17364817766693047 0.984807753012208 0.0 0] [0.08583165117743129 0.015134435901338632 0.9961946980917455 0] [-588.6361573142441 -103.79243635505375 52.2934456485949 1]",
    "A_08_18mm": "[0.9361168066628592 0.34071865342160995 -0.08715574274765817 0] [-0.3420201433256686 0.9396926207859084 0.0 0] [0.08189960831908934 0.029809019626209146 0.9961946980917455 0] [-561.6700839977156 -204.43119205296603 52.2934456485949 1]",
    "A_09_18mm": "[0.8627299156628209 0.4980973490458728 -0.08715574274765817 0] [-0.5 0.8660254037844386 0.0 0] [0.07547908730517332 0.04357787137382908 0.9961946980917455 0] [-517.6379493976925 -298.8584094275237 52.2934456485949 1]",
    "A_10_18mm": "[0.7631294127377697 0.6403416087687969 -0.08715574274765817 0] [-0.6427876096865394 0.766044443118978 0.0 0] [0.0667651724177507 0.056022631551222134 0.9961946980917455 0] [-457.87764764266177 -384.20496526127806 52.2934456485949 1]",
    "A_11_18mm": "[0.640341608768797 0.7631294127377696 -0.08715574274765817 0] [-0.7660444431189779 0.6427876096865395 0.0 0] [0.05602263155122214 0.06676517241775069 0.9961946980917455 0] [-384.2049652612782 -457.8776476426617 52.2934456485949 1]",
    "A_12_18mm": "[0.4980973490458732 0.8627299156628206 -0.08715574274765817 0] [-0.8660254037844384 0.5000000000000004 0.0 0] [0.043577871373829125 0.0754790873051733 0.9961946980917455 0] [-298.85840942752395 -517.6379493976924 52.2934456485949 1]",
    "B_01_18mm": "[0.34071865342160956 0.9361168066628593 -0.08715574274765817 0] [-0.9396926207859085 0.3420201433256682 0.0 0] [0.029809019626209115 0.08189960831908934 0.9961946980917455 0] [-204.43119205296594 -561.6700839977156 52.2934456485949 1]",
    "B_02_18mm": "[0.17298739392508952 0.9810602621904069 -0.08715574274765817 0] [-0.984807753012208 0.17364817766693041 0.0 0] [0.015134435901338627 0.08583165117743129 0.9961946980917455 0] [-103.79243635505367 -588.6361573142441 52.2934456485949 1]",
    "B_03_18mm": "[2.821989905834735e-16 0.9961946980917455 -0.08715574274765817 0] [-1.0 2.83276944882399e-16 0.0 0] [2.4689212534512908e-17 0.08715574274765817 0.9961946980917455 0] [-1.097987983511058e-13 -597.7168188550473 52.2934456485949 1]",
    "B_04_18mm": "[-0.172987393925089 0.981060262190407 -0.08715574274765817 0] [-0.9848077530122081 -0.17364817766692986 0.0 0] [-0.015134435901338578 0.08583165117743129 0.9961946980917455 0] [103.79243635505345 -588.6361573142442 52.2934456485949 1]",
    "B_05_18mm": "[-0.3407186534216103 0.9361168066628591 -0.08715574274765817 0] [-0.9396926207859083 -0.34202014332566893 0.0 0] [-0.029809019626209177 0.08189960831908932 0.9961946980917455 0] [204.43119205296622 -561.6700839977154 52.2934456485949 1]",
    "B_06_18mm": "[-0.498097349045873 0.8627299156628209 -0.08715574274765817 0] [-0.8660254037844386 -0.5000000000000002 0.0 0] [-0.043577871373829104 0.07547908730517332 0.9961946980917455 0] [298.8584094275237 -517.6379493976925 52.2934456485949 1]",
    "B_07_18mm": "[-0.6403416087687969 0.7631294127377697 -0.08715574274765817 0] [-0.766044443118978 -0.6427876096865394 0.0 0] [-0.056022631551222134 0.0667651724177507 0.9961946980917455 0] [384.20496526127806 -457.8776476426619 52.2934456485949 1]",
    "B_08_18mm": "[-0.7631294127377696 0.640341608768797 -0.08715574274765817 0] [-0.6427876096865395 -0.7660444431189779 0.0 0] [-0.06676517241775069 0.05602263155122214 0.9961946980917455 0] [457.87764764266166 -384.20496526127823 52.2934456485949 1]",
    "B_09_18mm": "[-0.8627299156628208 0.4980973490458731 -0.08715574274765817 0] [-0.5000000000000003 -0.8660254037844385 0.0 0] [-0.0754790873051733 0.04357787137382911 0.9961946980917455 0] [517.6379493976924 -298.85840942752395 52.2934456485949 1]",
    "B_10_18mm": "[-0.9361168066628592 0.34071865342160984 -0.08715574274765817 0] [-0.3420201433256685 -0.9396926207859084 0.0 0] [-0.08189960831908934 0.02980901962620914 0.9961946980917455 0] [561.6700839977156 -204.431192052966 52.2934456485949 1]",
    "B_11_18mm": "[-0.9810602621904069 0.1729873939250894 -0.08715574274765817 0] [-0.17364817766693028 -0.984807753012208 0.0 0] [-0.08583165117743129 0.015134435901338615 0.9961946980917455 0] [588.6361573142441 -103.79243635505371 52.2934456485949 1]",
    "B_12_18mm": "[-0.9961946980917455 1.2199866483456202e-16 -0.08715574274765817 0] [-1.2246467991473532e-16 -1.0 0.0 0] [-0.08715574274765817 1.0673500138322972e-17 0.9961946980917455 0] [597.7168188550473 -1.4639839780147442e-13 52.2934456485949 1]"
}