{
    "C_01_18mm": "[-0.984807753012208 -0.17364817766693028 -0.0 0] [0.17364817766693028 -0.984807753012208 0.0 0] [-0.0 0.0 1.0 0] [590.8846518073248 104.1889066001582 0.0 1]",
    "C_02_18mm": "[-0.9396926207859083 -0.3420201433256689 -0.0 0] [0.3420201433256689 -0.9396926207859083 0.0 0] [-0.0 0.0 1.0 0] [563.815572471545 205.21208599540122 0.0 1]",
    "C_03_18mm": "[-0.8660254037844387 -0.49999999999999994 -0.0 0] [0.49999999999999994 -0.8660254037844387 0.0 0] [-0.0 0.0 1.0 0] [519.6152422706632 299.99999999999994 0.0 1]",
    "C_04_18mm": "[-0.7660444431189782 -0.6427876096865391 -0.0 0] [0.6427876096865391 -0.7660444431189782 0.0 0] [-0.0 0.0 1.0 0] [459.6266658713868 385.67256581192356 0.0 1]",
    "C_05_18mm": "[-0.6427876096865394 -0.766044443118978 -0.0 0] [0.766044443118978 -0.6427876096865394 0.0 0] [-0.0 0.0 1.0 0] [385.6725658119236 459.6266658713868 0.0 1]",
    "C_06_18mm": "[-0.5000000000000002 -0.8660254037844386 -0.0 0] [0.8660254037844386 -0.5000000000000002 0.0 0] [-0.0 0.0 1.0 0] [300.00000000000006 519.6152422706632 0.0 1]",
    "C_07_18mm": "[-0.3420201433256687 -0.9396926207859084 -0.0 0] [0.9396926207859084 -0.3420201433256687 0.0 0] [-0.0 0.0 1.0 0] [205.21208599540128 563.815572471545 0.0 1]",
    "C_08_18mm": "[-0.17364817766693053 -0.984807753012208 -0.0 0] [0.984807753012208 -0.17364817766693053 0.0 0] [-0.0 0.0 1.0 0] [104.18890660015825 590.8846518073248 0.0 1]",
    "C_09_18mm": "[-1.6081226496766366e-16 -1.0 -0.0 0] [1.0 -1.6081226496766366e-16 0.0 0] [-0.0 0.0 1.0 0] [3.6739403974420595e-14 600.0 0.0 1]",
    "C_10_18mm": "[0.17364817766693041 -0.984807753012208 -0.0 0] [0.984807753012208 0.17364817766693041 0.0 0] [0.0 -0.0 1.0 0] [-104.18890660015818 590.8846518073248 0.0 1]",
    "C_11_18mm": "[0.3420201433256686 -0.9396926207859084 -0.0 0] [0.9396926207859084 0.3420201433256686 0.0 0] [0.0 -0.0 1.0 0] [-205.21208599540122 563.815572471545 0.0 1]",
    "C_12_18mm": "[0.4999999999999999 -0.8660254037844387 -0.0 0] [0.8660254037844387 0.4999999999999999 0.0 0] [0.0 -0.0 1.0 0] [-299.9999999999999 519.6152422706632 0.0 1]",
    "A_01_18mm": "[0.6427876096865394 -0.766044443118978 -0.0 0] [0.766044443118978 0.6427876096865394 0.0 0] [0.0 -0.0 1.0 0] [-385.6725658119236 459.6266658713868 0.0 1]",
    "A_02_18mm": "[0.7660444431189779 -0.6427876096865395 -0.0 0] [0.6427876096865395 0.7660444431189779 0.0 0] [0.0 -0.0 1.0 0] [-459.62666587138676 385.6725658119237 0.0 1]",
    "A_03_18mm": "[0.8660254037844387 -0.49999999999999994 -0.0 0] [0.49999999999999994 0.8660254037844387 0.0 0] [0.0 -0.0 1.0 0] [-519.6152422706632 299.99999999999994 0.0 1]",
    "A_04_18mm": "[0.9396926207859083 -0.34202014332566893 -0.0 0] [0.34202014332566893 0.9396926207859083 0.0 0] [0.0 -0.0 1.0 0] [-563.815572471545 205.21208599540134 0.0 1]",
    "A_05_18mm": "[0.984807753012208 -0.17364817766693028 -0.0 0] [0.17364817766693028 0.984807753012208 0.0 0] [0.0 -0.0 1.0 0] [-590.8846518073248 104.18890660015816 0.0 1]",
    "A_06_18mm": "[1.0 -1.2246467991473532e-16 -0.0 0] [1.2246467991473532e-16 1.0 0.0 0] [0.0 -0.0 1.0 0] [-600.0 7.347880794884119e-14 0.0 1]",
    "A_07_18mm": "[0.984807753012208 0.17364817766693047 -0.0 0] [-0.17364817766693047 0.984807753012208 0.0 0] [0.0 0.0 1.0 0] [-590.8846518073248 -104.18890660015828 0.0 1]",
    "A_08_18mm": "[0.9396926207859084 0.34202014332566866 -0.0 0] [-0.34202014332566866 0.9396926207859084 0.0 0] [0.0 0.0 1.0 0] [-563.815572471545 -205.2120859954012 0.0 1]",
    "A_09_18mm": "[0.8660254037844386 0.5 -0.0 0] [-0.5 0.8660254037844386 0.0 0] [0.0 0.0 1.0 0] [-519.6152422706632 -300.00000000000006 0.0 1]",
    "A_10_18mm": "[0.766044443118978 0.6427876096865393 -0.0 0] [-0.6427876096865393 0.766044443118978 0.0 0] [0.0 0.0 1.0 0] [-459.6266658713868 -385.67256581192356 0.0 1]",
    "A_11_18mm": "[0.6427876096865395 0.7660444431189779 -0.0 0] [-0.7660444431189779 0.6427876096865395 0.0 0] [0.0 0.0 1.0 0] [-385.6725658119237 -459.62666587138676 0.0 1]",
    "A_12_18mm": "[0.5000000000000004 0.8660254037844384 -0.0 0] [-0.8660254037844384 0.5000000000000004 0.0 0] [0.0 0.0 1.0 0] [-300.0000000000003 -519.6152422706631 0.0 1]",
    "B_01_18mm": "[0.3420201433256686 0.9396926207859084 -0.0 0] [-0.9396926207859084 0.3420201433256686 0.0 0] [0.0 0.0 1.0 0] [-205.21208599540114 -563.815572471545 0.0 1]",
    "B_02_18mm": "[0.17364817766693041 0.984807753012208 -0.0 0] [-0.984807753012208 0.17364817766693041 0.0 0] [0.0 0.0 1.0 0] [-104.1889066001582 -590.8846518073248 0.0 1]",
    "B_03_18mm": "[2.83276944882399e-16 1.0 -0.0 0] [-1.0 2.83276944882399e-16 0.0 0] [0.0 0.0 1.0 0] [-1.1021821192326178e-13 -600.0 0.0 1]",
    "B_04_18mm": "[-0.17364817766692986 0.9848077530122081 -0.0 0] [-0.9848077530122081 -0.17364817766692986 0.0 0] [0.0 0.0 1.0 0] [104.18890660015798 -590.8846518073249 0.0 1]",
    "B_05_18mm": "[-0.34202014332566893 0.9396926207859083 -0.0 0] [-0.9396926207859083 -0.34202014332566893 0.0 0] [0.0 0.0 1.0 0] [205.2120859954014 -563.815572471545 0.0 1]",
    "B_06_18mm": "[-0.5000000000000002 0.8660254037844386 -0.0 0] [-0.8660254037844386 -0.5000000000000002 0.0 0] [0.0 0.0 1.0 0] [300.00000000000006 -519.6152422706632 0.0 1]",
    "B_07_18mm": "[-0.6427876096865394 0.766044443118978 -0.0 0] [-0.766044443118978 -0.6427876096865394 0.0 0] [0.0 0.0 1.0 0] [385.67256581192356 -459.6266658713869 0.0 1]",
    "B_08_18mm": "[-0.7660444431189779 0.6427876096865395 -0.0 0] [-0.6427876096865395 -0.7660444431189779 0.0 0] [0.0 0.0 1.0 0] [459.62666587138665 -385.67256581192373 0.0 1]",
    "B_09_18mm": "[-0.8660254037844385 0.5000000000000003 -0.0 0] [-0.5000000000000003 -0.8660254037844385 0.0 0] [0.0 0.0 1.0 0] [519.615242270663 -300.0000000000003 0.0 1]",
    "B_10_18mm": "[-0.9396926207859084 0.3420201433256685 -0.0 0] [-0.3420201433256685 -0.9396926207859084 0.0 0] [0.0 0.0 1.0 0] [563.815572471545 -205.21208599540117 0.0 1]",
    "B_11_18mm": "[-0.984807753012208 0.17364817766693028 -0.0 0] [-0.17364817766693028 -0.984807753012208 0.0 0] [0.0 0.0 1.0 0] [590.8846518073248 -104.18890660015823 0.0 1]",
    "B_12_18mm": "[-1.0 1.2246467991473532e-16 -0.0 0] [-1.2246467991473532e-16 -1.0 0.0 0] [0.0 0.0 1.0 0] [600.0 -1.4695761589768238e-13 0.0 1]"
}