{
    "C_01_18mm": "[-0.9512512425641977 -0.16773125949652057 -0.25881904510252074 0] [0.17364817766693028 -0.984807753012208 0.0 0] [-0.25488700224417876 -0.04494345552754776 0.9659258262890683 0] [475.6256212820989 83.86562974826032 129.40952255126038 1]",
    "C_02_18mm": "[-0.9076733711903687 -0.3303660895493519 -0.25881904510252074 0] [0.3420201433256685 -0.9396926207859084 0.0 0] [-0.24321034680169396 -0.0885213269013768 0.9659258262890683 0] [453.8366855951844 165.18304477467606 129.40952255126038 1]",
    "C_03_18mm": "[-0.8365163037378079 -0.4829629131445341 -0.25881904510252074 0] [0.49999999999999994 -0.8660254037844387 0.0 0] [-0.2241438680420134 -0.12940952255126034 0.9659258262890683 0] [418.258151868904 241.48145657226706 129.40952255126038 1]",
    "C_04_18mm": "[-0.7399421116938483 -0.6208851530148455 -0.25881904510252074 0] [0.6427876096865391 -0.7660444431189782 0.0 0] [-0.1982668912741462 -0.16636567534280186 0.9659258262890683 0] [369.97105584692406 310.4425765074228 129.40952255126038 1]",
    "C_05_18mm": "[-0.6208851530148457 -0.739942111693848 -0.25881904510252074 0] [0.766044443118978 -0.6427876096865394 0.0 0] [-0.16636567534280192 -0.19826689127414615 0.9659258262890683 0] [310.44257650742287 369.97105584692406 129.40952255126038 1]",
    "C_06_18mm": "[-0.4829629131445344 -0.8365163037378078 -0.25881904510252074 0] [0.8660254037844386 -0.5000000000000002 0.0 0] [-0.12940952255126043 -0.22414386804201336 0.9659258262890683 0] [241.48145657226715 418.25815186890395 129.40952255126038 1]",
    "C_07_18mm": "[-0.33036608954935215 -0.9076733711903687 -0.25881904510252074 0] [0.9396926207859084 -0.3420201433256687 0.0 0] [-0.08852132690137686 -0.24321034680169396 0.9659258262890683 0] [165.18304477467612 453.83668559518435 129.40952255126038 1]",
    "C_08_18mm": "[-0.16773125949652082 -0.9512512425641977 -0.25881904510252074 0] [0.984807753012208 -0.17364817766693053 0.0 0] [-0.044943455527547825 -0.25488700224417876 0.9659258262890683 0] [83.86562974826036 475.6256212820989 129.40952255126038 1]",
    "C_09_18mm": "[-1.5533271991630711e-16 -0.9659258262890683 -0.25881904510252074 0] [1.0 -1.6081226496766366e-16 0.0 0] [-4.1621276859704255e-17 -0.25881904510252074 0.9659258262890683 0] [2.9572949284466745e-14 482.9629131445342 129.40952255126038 1]",
    "C_10_18mm": "[0.1677312594965205 -0.9512512425641978 -0.25881904510252074 0] [0.9848077530122081 0.17364817766693022 0.0 0] [0.04494345552754775 -0.2548870022441788 0.9659258262890683 0] [-83.8656297482603 475.6256212820989 129.40952255126038 1]",
    "C_11_18mm": "[0.33036608954935204 -0.9076733711903687 -0.25881904510252074 0] [0.9396926207859084 0.3420201433256686 0.0 0] [0.08852132690137683 -0.24321034680169396 0.9659258262890683 0] [-165.18304477467606 453.8366855951844 129.40952255126038 1]",
    "C_12_18mm": "[0.48296291314453405 -0.8365163037378079 -0.25881904510252074 0] [0.8660254037844387 0.4999999999999999 0.0 0] [0.12940952255126034 -0.2241438680420134 0.9659258262890683 0] [-241.48145657226698 418.258151868904 129.40952255126038 1]",
    "A_01_18mm": "[0.6208851530148457 -0.739942111693848 -0.25881904510252074 0] [0.766044443118978 0.6427876096865394 0.0 0] [0.16636567534280192 -0.19826689127414615 0.9659258262890683 0] [-310.44257650742287 369.97105584692406 129.40952255126038 1]",
    "A_02_18mm": "[0.7399421116938479 -0.6208851530148458 -0.25881904510252074 0] [0.6427876096865395 0.7660444431189779 0.0 0] [0.19826689127414612 -0.16636567534280194 0.9659258262890683 0] [-369.971055846924 310.4425765074229 129.40952255126038 1]",
    "A_03_18mm": "[0.8365163037378079 -0.4829629131445341 -0.25881904510252074 0] [0.49999999999999994 0.8660254037844387 0.0 0] [0.2241438680420134 -0.12940952255126034 0.9659258262890683 0] [-418.258151868904 241.48145657226706 129.40952255126038 1]",
    "A_04_18mm": "[0.9076733711903686 -0.3303660895493523 -0.25881904510252074 0] [0.34202014332566893 0.9396926207859083 0.0 0] [0.24321034680169393 -0.08852132690137691 0.9659258262890683 0] [-453.83668559518435 165.18304477467615 129.40952255126038 1]",
    "A_05_18mm": "[0.9512512425641977 -0.1677312594965206 -0.25881904510252074 0] [0.1736481776669303 0.984807753012208 0.0 0] [0.25488700224417876 -0.04494345552754777 0.9659258262890683 0] [-475.6256212820989 83.86562974826029 129.40952255126038 1]",
    "A_06_18mm": "[0.9659258262890683 -1.1829179713786698e-16 -0.25881904510252074 0] [1.2246467991473532e-16 1.0 0.0 0] [0.25881904510252074 -3.169619151431765e-17 0.9659258262890683 0] [-482.9629131445342 5.914589856893349e-14 129.40952255126038 1]",
    "A_07_18mm": "[0.9512512425641977 0.16773125949652073 -0.25881904510252074 0] [-0.17364817766693044 0.984807753012208 0.0 0] [0.25488700224417876 0.044943455527547804 0.9659258262890683 0] [-475.6256212820989 -83.86562974826037 129.40952255126038 1]",
    "A_08_18mm": "[0.9076733711903687 0.33036608954935204 -0.25881904510252074 0] [-0.3420201433256686 0.9396926207859084 0.0 0] [0.24321034680169396 0.08852132690137683 0.9659258262890683 0] [-453.8366855951844 -165.18304477467603 129.40952255126038 1]",
    "A_09_18mm": "[0.8365163037378078 0.48296291314453427 -0.25881904510252074 0] [-0.5000000000000001 0.8660254037844386 0.0 0] [0.22414386804201336 0.1294095225512604 0.9659258262890683 0] [-418.25815186890395 -241.48145657226715 129.40952255126038 1]",
    "A_10_18mm": "[0.739942111693848 0.6208851530148456 -0.25881904510252074 0] [-0.6427876096865393 0.766044443118978 0.0 0] [0.19826689127414615 0.1663656753428019 0.9659258262890683 0] [-369.97105584692406 -310.4425765074228 129.40952255126038 1]",
    "A_11_18mm": "[0.6208851530148458 0.7399421116938479 -0.25881904510252074 0] [-0.7660444431189779 0.6427876096865395 0.0 0] [0.16636567534280194 0.19826689127414612 0.9659258262890683 0] [-310.4425765074229 -369.971055846924 129.40952255126038 1]",
    "A_12_18mm": "[0.4829629131445346 0.8365163037378076 -0.25881904510252074 0] [-0.8660254037844384 0.5000000000000004 0.0 0] [0.12940952255126048 0.22414386804201328 0.9659258262890683 0] [-241.48145657226732 -418.2581518689039 129.40952255126038 1]",
    "B_01_18mm": "[0.33036608954935165 0.9076733711903688 -0.25881904510252074 0] [-0.9396926207859085 0.3420201433256682 0.0 0] [0.08852132690137673 0.24321034680169398 0.9659258262890683 0] [-165.18304477467598 -453.8366855951844 129.40952255126038 1]",
    "B_02_18mm": "[0.1677312594965207 0.9512512425641977 -0.25881904510252074 0] [-0.984807753012208 0.17364817766693041 0.0 0] [0.0449434555275478 0.25488700224417876 0.9659258262890683 0] [-83.86562974826032 -475.6256212820989 129.40952255126038 1]",
    "B_03_18mm": "[2.736245170541741e-16 0.9659258262890683 -0.25881904510252074 0] [-1.0 2.83276944882399e-16 0.0 0] [7.33174683740219e-17 0.25881904510252074 0.9659258262890683 0] [-8.871884785340024e-14 -482.9629131445342 129.40952255126038 1]",
    "B_04_18mm": "[-0.16773125949652015 0.9512512425641978 -0.25881904510252074 0] [-0.9848077530122081 -0.17364817766692986 0.0 0] [-0.04494345552754765 0.2548870022441788 0.9659258262890683 0] [83.86562974826013 -475.62562128209896 129.40952255126038 1]",
    "B_05_18mm": "[-0.3303660895493523 0.9076733711903686 -0.25881904510252074 0] [-0.9396926207859083 -0.34202014332566893 0.0 0] [-0.08852132690137691 0.24321034680169393 0.9659258262890683 0] [165.1830447746762 -453.83668559518435 129.40952255126038 1]",
    "B_06_18mm": "[-0.4829629131445344 0.8365163037378078 -0.25881904510252074 0] [-0.8660254037844386 -0.5000000000000002 0.0 0] [-0.12940952255126043 0.22414386804201336 0.9659258262890683 0] [241.48145657226715 -418.25815186890395 129.40952255126038 1]",
    "B_07_18mm": "[-0.6208851530148457 0.739942111693848 -0.25881904510252074 0] [-0.766044443118978 -0.6427876096865394 0.0 0] [-0.16636567534280192 0.19826689127414615 0.9659258262890683 0] [310.4425765074228 -369.9710558469241 129.40952255126038 1]",
    "B_08_18mm": "[-0.7399421116938479 0.6208851530148458 -0.25881904510252074 0] [-0.6427876096865395 -0.7660444431189779 0.0 0] [-0.19826689127414612 0.16636567534280194 0.9659258262890683 0] [369.97105584692395 -310.442576507423 129.40952255126038 1]",
    "B_09_18mm": "[-0.8365163037378077 0.4829629131445345 -0.25881904510252074 0] [-0.5000000000000003 -0.8660254037844385 0.0 0] [-0.22414386804201333 0.12940952255126045 0.9659258262890683 0] [418.25815186890384 -241.48145657226732 129.40952255126038 1]",
    "B_10_18mm": "[-0.9076733711903687 0.3303660895493519 -0.25881904510252074 0] [-0.3420201433256685 -0.9396926207859084 0.0 0] [-0.24321034680169396 0.0885213269013768 0.9659258262890683 0] [453.8366855951844 -165.183044774676 129.40952255126038 1]",
    "B_11_18mm": "[-0.9512512425641977 0.16773125949652057 -0.25881904510252074 0] [-0.17364817766693028 -0.984807753012208 0.0 0] [-0.25488700224417876 0.04494345552754776 0.9659258262890683 0] [475.6256212820989 -83.86562974826035 129.40952255126038 1]",
    "B_12_18mm": "[-0.9659258262890683 1.1829179713786698e-16 -0.25881904510252074 0] [-1.2246467991473532e-16 -1.0 0.0 0] [-0.25881904510252074 3.169619151431765e-17 0.9659258262890683 0] [482.9629131445342 -1.1829179713786698e-13 129.40952255126038 1]"
}