{
    "C_01_18mm": "[-0.9698463103929541 -0.1710100716628343 -0.17364817766693033 0] [0.17364817766693028 -0.984807753012208 0.0 0] [-0.17101007166283433 -0.030153689607045793 0.984807753012208 0] [678.8924172750679 119.70705016398405 121.55372436685123 1]",
    "C_02_18mm": "[-0.9254165783983234 -0.33682408883346493 -0.17364817766693033 0] [0.3420201433256685 -0.9396926207859084 0.0 0] [-0.16317591116653482 -0.059391174613884656 0.984807753012208 0] [647.7916048788264 235.7768621834256 121.55372436685123 1]",
    "C_03_18mm": "[-0.8528685319524433 -0.49240387650610395 -0.17364817766693033 0] [0.49999999999999994 -0.8660254037844387 0.0 0] [-0.1503837331804353 -0.08682408883346515 0.984807753012208 0] [597.0079723667103 344.68271355427277 121.55372436685123 1]",
    "C_04_18mm": "[-0.7544065067354888 -0.6330222215594892 -0.17364817766693033 0] [0.6427876096865395 -0.7660444431189779 0.0 0] [-0.13302222155948898 -0.11161889704894967 0.984807753012208 0] [528.0845547148423 443.11555509164225 121.55372436685123 1]",
    "C_05_18mm": "[-0.6330222215594891 -0.7544065067354889 -0.17364817766693033 0] [0.766044443118978 -0.6427876096865394 0.0 0] [-0.11161889704894966 -0.133022221559489 0.984807753012208 0] [443.11555509164236 528.0845547148423 121.55372436685123 1]",
    "C_06_18mm": "[-0.49240387650610423 -0.8528685319524432 -0.17364817766693033 0] [0.8660254037844386 -0.5000000000000002 0.0 0] [-0.08682408883346521 -0.15038373318043527 0.984807753012208 0] [344.6827135542729 597.0079723667102 121.55372436685123 1]",
    "C_07_18mm": "[-0.33682408883346515 -0.9254165783983234 -0.17364817766693033 0] [0.9396926207859084 -0.3420201433256687 0.0 0] [-0.0593911746138847 -0.16317591116653482 0.984807753012208 0] [235.7768621834257 647.7916048788263 121.55372436685123 1]",
    "C_08_18mm": "[-0.17101007166283452 -0.9698463103929541 -0.17364817766693033 0] [0.984807753012208 -0.17364817766693053 0.0 0] [-0.030153689607045835 -0.17101007166283433 0.984807753012208 0] [119.7070501639841 678.8924172750679 121.55372436685123 1]",
    "C_09_18mm": "[-1.5836916531960867e-16 -0.984807753012208 -0.17364817766693033 0] [1.0 -1.6081226496766366e-16 0.0 0] [-2.7924756758126337e-17 -0.17364817766693033 0.984807753012208 0] [4.221145818756642e-14 689.3654271085456 121.55372436685123 1]",
    "C_10_18mm": "[0.17101007166283425 -0.9698463103929542 -0.17364817766693033 0] [0.9848077530122081 0.17364817766693022 0.0 0] [0.030153689607045783 -0.17101007166283436 0.984807753012208 0] [-119.70705016398402 678.8924172750679 121.55372436685123 1]",
    "C_11_18mm": "[0.33682408883346504 -0.9254165783983234 -0.17364817766693033 0] [0.9396926207859084 0.3420201433256686 0.0 0] [0.05939117461388468 -0.16317591116653482 0.984807753012208 0] [-235.7768621834256 647.7916048788264 121.55372436685123 1]",
    "C_12_18mm": "[0.49240387650610373 -0.8528685319524434 -0.17364817766693033 0] [0.8660254037844388 0.4999999999999997 0.0 0] [0.08682408883346512 -0.15038373318043533 0.984807753012208 0] [-344.68271355427265 597.0079723667103 121.55372436685123 1]",
    "A_01_18mm": "[0.6330222215594891 -0.7544065067354889 -0.17364817766693033 0] [0.766044443118978 0.6427876096865394 0.0 0] [0.11161889704894966 -0.133022221559489 0.984807753012208 0] [-443.11555509164236 528.0845547148423 121.55372436685123 1]",
    "A_02_18mm": "[0.7544065067354888 -0.6330222215594892 -0.17364817766693033 0] [0.6427876096865395 0.7660444431189779 0.0 0] [0.13302222155948898 -0.11161889704894967 0.984807753012208 0] [-528.0845547148422 443.1155550916424 121.55372436685123 1]",
    "A_03_18mm": "[0.8528685319524433 -0.49240387650610395 -0.17364817766693033 0] [0.49999999999999994 0.8660254037844387 0.0 0] [0.1503837331804353 -0.08682408883346515 0.984807753012208 0] [-597.0079723667103 344.68271355427277 121.55372436685123 1]",
    "A_04_18mm": "[0.9254165783983233 -0.3368240888334654 -0.17364817766693033 0] [0.34202014332566893 0.9396926207859083 0.0 0] [0.1631759111665348 -0.05939117461388473 0.984807753012208 0] [-647.7916048788263 235.77686218342572 121.55372436685123 1]",
    "A_05_18mm": "[0.9698463103929541 -0.1710100716628343 -0.17364817766693033 0] [0.17364817766693028 0.984807753012208 0.0 0] [0.17101007166283433 -0.030153689607045793 0.984807753012208 0] [-678.8924172750679 119.70705016398401 121.55372436685123 1]",
    "A_06_18mm": "[0.984807753012208 -1.2060416625018979e-16 -0.17364817766693033 0] [1.2246467991473535e-16 1.0 0.0 0] [0.17364817766693033 -2.126576849575772e-17 0.984807753012208 0] [-689.3654271085456 8.442291637513285e-14 121.55372436685123 1]",
    "A_07_18mm": "[0.9698463103929541 0.17101007166283444 -0.17364817766693033 0] [-0.17364817766693044 0.984807753012208 0.0 0] [0.17101007166283433 0.03015368960704582 0.984807753012208 0] [-678.8924172750679 -119.70705016398414 121.55372436685123 1]",
    "A_08_18mm": "[0.9254165783983234 0.33682408883346504 -0.17364817766693033 0] [-0.3420201433256686 0.9396926207859084 0.0 0] [0.16317591116653482 0.05939117461388468 0.984807753012208 0] [-647.7916048788264 -235.77686218342558 121.55372436685123 1]",
    "A_09_18mm": "[0.8528685319524432 0.492403876506104 -0.17364817766693033 0] [-0.5 0.8660254037844386 0.0 0] [0.15038373318043527 0.08682408883346517 0.984807753012208 0] [-597.0079723667102 -344.6827135542729 121.55372436685123 1]",
    "A_10_18mm": "[0.7544065067354889 0.633022221559489 -0.17364817766693033 0] [-0.6427876096865393 0.766044443118978 0.0 0] [0.133022221559489 0.11161889704894963 0.984807753012208 0] [-528.0845547148423 -443.11555509164225 121.55372436685123 1]",
    "A_11_18mm": "[0.6330222215594892 0.7544065067354888 -0.17364817766693033 0] [-0.7660444431189779 0.6427876096865395 0.0 0] [0.11161889704894967 0.13302222155948898 0.984807753012208 0] [-443.1155550916424 -528.0845547148422 121.55372436685123 1]",
    "A_12_18mm": "[0.49240387650610434 0.852868531952443 -0.17364817766693033 0] [-0.8660254037844385 0.5000000000000003 0.0 0] [0.08682408883346522 0.15038373318043524 0.984807753012208 0] [-344.6827135542731 -597.0079723667102 121.55372436685123 1]",
    "B_01_18mm": "[0.33682408883346465 0.9254165783983235 -0.17364817766693033 0] [-0.9396926207859085 0.3420201433256682 0.0 0] [0.05939117461388461 0.16317591116653485 0.984807753012208 0] [-235.7768621834255 -647.7916048788264 121.55372436685123 1]",
    "B_02_18mm": "[0.1710100716628344 0.9698463103929541 -0.17364817766693033 0] [-0.984807753012208 0.17364817766693041 0.0 0] [0.030153689607045817 0.17101007166283433 0.984807753012208 0] [-119.70705016398405 -678.8924172750679 121.55372436685123 1]",
    "B_03_18mm": "[2.7897333156979846e-16 0.984807753012208 -0.17364817766693033 0] [-1.0 2.83276944882399e-16 0.0 0] [4.919052525388405e-17 0.17364817766693033 0.984807753012208 0] [-1.2663437456269925e-13 -689.3654271085456 121.55372436685123 1]",
    "B_04_18mm": "[-0.1710100716628341 0.9698463103929542 -0.17364817766693033 0] [-0.9848077530122081 -0.17364817766693008 0.0 0] [-0.03015368960704576 0.17101007166283436 0.984807753012208 0] [119.7070501639838 -678.8924172750679 121.55372436685123 1]",
    "B_05_18mm": "[-0.3368240888334654 0.9254165783983233 -0.17364817766693033 0] [-0.9396926207859083 -0.34202014332566893 0.0 0] [-0.05939117461388473 0.1631759111665348 0.984807753012208 0] [235.7768621834258 -647.7916048788263 121.55372436685123 1]",
    "B_06_18mm": "[-0.49240387650610423 0.8528685319524432 -0.17364817766693033 0] [-0.8660254037844386 -0.5000000000000002 0.0 0] [-0.08682408883346521 0.15038373318043527 0.984807753012208 0] [344.6827135542729 -597.0079723667102 121.55372436685123 1]",
    "B_07_18mm": "[-0.6330222215594891 0.7544065067354889 -0.17364817766693033 0] [-0.766044443118978 -0.6427876096865394 0.0 0] [-0.11161889704894966 0.133022221559489 0.984807753012208 0] [443.11555509164225 -528.0845547148424 121.55372436685123 1]",
    "B_08_18mm": "[-0.7544065067354888 0.6330222215594892 -0.17364817766693033 0] [-0.6427876096865395 -0.7660444431189779 0.0 0] [-0.13302222155948898 0.11161889704894967 0.984807753012208 0] [528.0845547148422 -443.1155550916425 121.55372436685123 1]",
    "B_09_18mm": "[-0.852868531952443 0.49240387650610434 -0.17364817766693033 0] [-0.5000000000000003 -0.8660254037844385 0.0 0] [-0.15038373318043524 0.08682408883346522 0.984807753012208 0] [597.0079723667101 -344.6827135542731 121.55372436685123 1]",
    "B_10_18mm": "[-0.9254165783983234 0.33682408883346493 -0.17364817766693033 0] [-0.3420201433256685 -0.9396926207859084 0.0 0] [-0.16317591116653482 0.059391174613884656 0.984807753012208 0] [647.7916048788264 -235.77686218342552 121.55372436685123 1]",
    "B_11_18mm": "[-0.9698463103929541 0.1710100716628343 -0.17364817766693033 0] [-0.17364817766693028 -0.984807753012208 0.0 0] [-0.17101007166283433 0.030153689607045793 0.984807753012208 0] [678.8924172750679 -119.70705016398408 121.55372436685123 1]",
    "B_12_18mm": "[-0.984807753012208 1.2060416625018976e-16 -0.17364817766693033 0] [-1.2246467991473532e-16 -1.0 0.0 0] [-0.17364817766693033 2.1265768495757713e-17 0.984807753012208 0] [689.3654271085456 -1.688458327502657e-13 121.55372436685123 1]"
}