{
    "C_01_18mm": "[-0.9810602621904069 -0.1729873939250894 -0.08715574274765817 0] [0.17364817766693028 -0.984807753012208 0.0 0] [-0.08583165117743129 -0.015134435901338615 0.9961946980917455 0] [392.4241048761628 69.19495757003578 34.86229709906327 1]",
    "C_02_18mm": "[-0.9361168066628591 -0.34071865342161023 -0.08715574274765817 0] [0.3420201433256689 -0.9396926207859083 0.0 0] [-0.08189960831908932 -0.02980901962620917 0.9961946980917455 0] [374.4467226651437 136.28746136864405 34.86229709906327 1]",
    "C_03_18mm": "[-0.862729915662821 -0.4980973490458727 -0.08715574274765817 0] [0.49999999999999994 -0.8660254037844387 0.0 0] [-0.07547908730517333 -0.043577871373829076 0.9961946980917455 0] [345.0919662651284 199.2389396183491 34.86229709906327 1]",
    "C_04_18mm": "[-0.7631294127377696 -0.640341608768797 -0.08715574274765817 0] [0.6427876096865395 -0.7660444431189779 0.0 0] [-0.06676517241775069 -0.05602263155122214 0.9961946980917455 0] [305.2517650951079 256.1366435075187 34.86229709906327 1]",
    "C_05_18mm": "[-0.6403416087687969 -0.7631294127377697 -0.08715574274765817 0] [0.766044443118978 -0.6427876096865394 0.0 0] [-0.056022631551222134 -0.0667651724177507 0.9961946980917455 0] [256.1366435075188 305.2517650951079 34.86229709906327 1]",
    "C_06_18mm": "[-0.498097349045873 -0.8627299156628209 -0.08715574274765817 0] [0.8660254037844386 -0.5000000000000002 0.0 0] [-0.043577871373829104 -0.07547908730517332 0.9961946980917455 0] [199.23893961834918 345.09196626512835 34.86229709906327 1]",
    "C_07_18mm": "[-0.34071865342161006 -0.9361168066628592 -0.08715574274765817 0] [0.9396926207859084 -0.3420201433256687 0.0 0] [-0.029809019626209157 -0.08189960831908934 0.9961946980917455 0] [136.28746136864407 374.4467226651436 34.86229709906327 1]",
    "C_08_18mm": "[-0.17298739392508963 -0.9810602621904069 -0.08715574274765817 0] [0.984807753012208 -0.17364817766693053 0.0 0] [-0.015134435901338637 -0.08583165117743129 0.9961946980917455 0] [69.19495757003583 392.4241048761628 34.86229709906327 1]",
    "C_09_18mm": "[-1.602003257489115e-16 -0.9961946980917455 -0.08715574274765817 0] [1.0 -1.6081226496766366e-16 0.0 0] [-1.4015712396189935e-17 -0.08715574274765817 0.9961946980917455 0] [2.4399732966912403e-14 398.47787923669824 34.86229709906327 1]",
    "C_10_18mm": "[0.17298739392508936 -0.981060262190407 -0.08715574274765817 0] [0.9848077530122081 0.17364817766693022 0.0 0] [0.01513443590133861 -0.08583165117743129 0.9961946980917455 0] [-69.19495757003577 392.4241048761628 34.86229709906327 1]",
    "C_11_18mm": "[0.34071865342160995 -0.9361168066628592 -0.08715574274765817 0] [0.9396926207859084 0.3420201433256686 0.0 0] [0.029809019626209146 -0.08189960831908934 0.9961946980917455 0] [-136.28746136864405 374.4467226651437 34.86229709906327 1]",
    "C_12_18mm": "[0.49809734904587266 -0.862729915662821 -0.08715574274765817 0] [0.8660254037844387 0.4999999999999999 0.0 0] [0.043577871373829076 -0.07547908730517333 0.9961946980917455 0] [-199.23893961834904 345.0919662651284 34.86229709906327 1]",
    "A_01_18mm": "[0.640341608768797 -0.7631294127377696 -0.08715574274765817 0] [0.7660444431189779 0.6427876096865395 0.0 0] [0.05602263155122214 -0.06676517241775069 0.9961946980917455 0] [-256.1366435075188 305.2517650951079 34.86229709906327 1]",
    "A_02_18mm": "[0.7631294127377696 -0.640341608768797 -0.08715574274765817 0] [0.6427876096865395 0.7660444431189779 0.0 0] [0.06676517241775069 -0.05602263155122214 0.9961946980917455 0] [-305.2517650951078 256.1366435075188 34.86229709906327 1]",
    "A_03_18mm": "[0.862729915662821 -0.4980973490458727 -0.08715574274765817 0] [0.49999999999999994 0.8660254037844387 0.0 0] [0.07547908730517333 -0.043577871373829076 0.9961946980917455 0] [-345.0919662651284 199.2389396183491 34.86229709906327 1]",
    "A_04_18mm": "[0.9361168066628591 -0.3407186534216103 -0.08715574274765817 0] [0.34202014332566893 0.9396926207859083 0.0 0] [0.08189960831908932 -0.029809019626209177 0.9961946980917455 0] [-374.4467226651436 136.2874613686441 34.86229709906327 1]",
    "A_05_18mm": "[0.9810602621904069 -0.1729873939250894 -0.08715574274765817 0] [0.17364817766693028 0.984807753012208 0.0 0] [0.08583165117743129 -0.015134435901338615 0.9961946980917455 0] [-392.4241048761628 69.19495757003577 34.86229709906327 1]",
    "A_06_18mm": "[0.9961946980917455 -1.2199866483456202e-16 -0.08715574274765817 0] [1.2246467991473532e-16 1.0 0.0 0] [0.08715574274765817 -1.0673500138322972e-17 0.9961946980917455 0] [-398.47787923669824 4.8799465933824806e-14 34.86229709906327 1]",
    "A_07_18mm": "[0.9810602621904069 0.17298739392508955 -0.08715574274765817 0] [-0.17364817766693044 0.984807753012208 0.0 0] [0.08583165117743129 0.01513443590133863 0.9961946980917455 0] [-392.4241048761628 -69.19495757003584 34.86229709906327 1]",
    "A_08_18mm": "[0.9361168066628592 0.34071865342161 -0.08715574274765817 0] [-0.34202014332566866 0.9396926207859084 0.0 0] [0.08189960831908934 0.029809019626209153 0.9961946980917455 0] [-374.4467226651437 -136.28746136864402 34.86229709906327 1]",
    "A_09_18mm": "[0.8627299156628209 0.4980973490458729 -0.08715574274765817 0] [-0.5000000000000001 0.8660254037844386 0.0 0] [0.07547908730517332 0.04357787137382909 0.9961946980917455 0] [-345.09196626512835 -199.23893961834918 34.86229709906327 1]",
    "A_10_18mm": "[0.7631294127377697 0.6403416087687968 -0.08715574274765817 0] [-0.6427876096865393 0.766044443118978 0.0 0] [0.0667651724177507 0.05602263155122212 0.9961946980917455 0] [-305.2517650951079 -256.1366435075187 34.86229709906327 1]",
    "A_11_18mm": "[0.640341608768797 0.7631294127377696 -0.08715574274765817 0] [-0.7660444431189779 0.6427876096865395 0.0 0] [0.05602263155122214 0.06676517241775069 0.9961946980917455 0] [-256.1366435075188 -305.2517650951078 34.86229709906327 1]",
    "A_12_18mm": "[0.4980973490458732 0.8627299156628206 -0.08715574274765817 0] [-0.8660254037844384 0.5000000000000004 0.0 0] [0.043577871373829125 0.0754790873051733 0.9961946980917455 0] [-199.2389396183493 -345.0919662651283 34.86229709906327 1]",
    "B_01_18mm": "[0.34071865342160995 0.9361168066628592 -0.08715574274765817 0] [-0.9396926207859084 0.3420201433256686 0.0 0] [0.029809019626209146 0.08189960831908934 0.9961946980917455 0] [-136.287461368644 -374.4467226651437 34.86229709906327 1]",
    "B_02_18mm": "[0.17298739392508952 0.9810602621904069 -0.08715574274765817 0] [-0.984807753012208 0.17364817766693041 0.0 0] [0.015134435901338627 0.08583165117743129 0.9961946980917455 0] [-69.19495757003578 -392.4241048761628 34.86229709906327 1]",
    "B_03_18mm": "[2.821989905834735e-16 0.9961946980917455 -0.08715574274765817 0] [-1.0 2.83276944882399e-16 0.0 0] [2.4689212534512908e-17 0.08715574274765817 0.9961946980917455 0] [-7.319919890073721e-14 -398.47787923669824 34.86229709906327 1]",
    "B_04_18mm": "[-0.17298739392508922 0.981060262190407 -0.08715574274765817 0] [-0.9848077530122081 -0.17364817766693008 0.0 0] [-0.015134435901338597 0.08583165117743129 0.9961946980917455 0] [69.19495757003564 -392.4241048761628 34.86229709906327 1]",
    "B_05_18mm": "[-0.3407186534216103 0.9361168066628591 -0.08715574274765817 0] [-0.9396926207859083 -0.34202014332566893 0.0 0] [-0.029809019626209177 0.08189960831908932 0.9961946980917455 0] [136.28746136864416 -374.4467226651436 34.86229709906327 1]",
    "B_06_18mm": "[-0.498097349045873 0.8627299156628209 -0.08715574274765817 0] [-0.8660254037844386 -0.5000000000000002 0.0 0] [-0.043577871373829104 0.07547908730517332 0.9961946980917455 0] [199.23893961834918 -345.09196626512835 34.86229709906327 1]",
    "B_07_18mm": "[-0.6403416087687969 0.7631294127377697 -0.08715574274765817 0] [-0.766044443118978 -0.6427876096865394 0.0 0] [-0.056022631551222134 0.0667651724177507 0.9961946980917455 0] [256.1366435075187 -305.25176509510794 34.86229709906327 1]",
    "B_08_18mm": "[-0.7631294127377696 0.640341608768797 -0.08715574274765817 0] [-0.6427876096865395 -0.7660444431189779 0.0 0] [-0.06676517241775069 0.05602263155122214 0.9961946980917455 0] [305.25176509510777 -256.13664350751884 34.86229709906327 1]",
    "B_09_18mm": "[-0.8627299156628208 0.4980973490458731 -0.08715574274765817 0] [-0.5000000000000003 -0.8660254037844385 0.0 0] [-0.0754790873051733 0.04357787137382911 0.9961946980917455 0] [345.0919662651283 -199.2389396183493 34.86229709906327 1]",
    "B_10_18mm": "[-0.9361168066628592 0.34071865342160984 -0.08715574274765817 0] [-0.3420201433256685 -0.9396926207859084 0.0 0] [-0.08189960831908934 0.02980901962620914 0.9961946980917455 0] [374.4467226651437 -136.287461368644 34.86229709906327 1]",
    "B_11_18mm": "[-0.9810602621904069 0.1729873939250894 -0.08715574274765817 0] [-0.17364817766693028 -0.984807753012208 0.0 0] [-0.08583165117743129 0.015134435901338615 0.9961946980917455 0] [392.4241048761628 -69.19495757003581 34.86229709906327 1]",
    "B_12_18mm": "[-0.9961946980917455 1.2199866483456202e-16 -0.08715574274765817 0] [-1.2246467991473532e-16 -1.0 0.0 0] [-0.08715574274765817 1.0673500138322972e-17 0.9961946980917455 0] [398.47787923669824 -9.759893186764961e-14 34.86229709906327 1]"
}