{
    "C_01_18mm": "[-0.7544065067354889 -0.13302222155948895 -0.6427876096865393 0] [0.17364817766693028 -0.984807753012208 0.0 0] [-0.633022221559489 -0.1116188970489496 0.766044443118978 0] [452.64390404129335 79.8133329356934 385.67256581192356 1]",
    "C_02_18mm": "[-0.7198463103929541 -0.2620026302293851 -0.6427876096865393 0] [0.3420201433256689 -0.9396926207859083 0.0 0] [-0.6040227735550536 -0.21984631039295427 0.766044443118978 0] [431.90778623577256 157.20157813763097 385.67256581192356 1]",
    "C_03_18mm": "[-0.6634139481689384 -0.38302222155948895 -0.6427876096865393 0] [0.49999999999999994 -0.8660254037844387 0.0 0] [-0.5566703992264194 -0.32139380484326957 0.766044443118978 0] [398.04836890136306 229.81333293569338 385.67256581192356 1]",
    "C_04_18mm": "[-0.586824088833465 -0.4924038765061041 -0.6427876096865393 0] [0.6427876096865395 -0.7660444431189779 0.0 0] [-0.4924038765061039 -0.41317591116653485 0.766044443118978 0] [352.09445330007907 295.4423259036624 385.67256581192356 1]",
    "C_05_18mm": "[-0.49240387650610407 -0.5868240888334652 -0.6427876096865393 0] [0.766044443118978 -0.6427876096865394 0.0 0] [-0.4131759111665348 -0.49240387650610395 0.766044443118978 0] [295.44232590366244 352.09445330007907 385.67256581192356 1]",
    "C_06_18mm": "[-0.3830222215594892 -0.6634139481689384 -0.6427876096865393 0] [0.8660254037844386 -0.5000000000000002 0.0 0] [-0.3213938048432698 -0.5566703992264193 0.766044443118978 0] [229.81333293569347 398.048368901363 385.67256581192356 1]",
    "C_07_18mm": "[-0.2620026302293849 -0.7198463103929542 -0.6427876096865393 0] [0.9396926207859084 -0.3420201433256687 0.0 0] [-0.21984631039295416 -0.6040227735550536 0.766044443118978 0] [157.201578137631 431.9077862357725 385.67256581192356 1]",
    "C_08_18mm": "[-0.13302222155948915 -0.7544065067354889 -0.6427876096865393 0] [0.984807753012208 -0.17364817766693053 0.0 0] [-0.11161889704894976 -0.633022221559489 0.766044443118978 0] [79.81333293569344 452.64390404129335 385.67256581192356 1]",
    "C_09_18mm": "[-1.2318934196385545e-16 -0.766044443118978 -0.6427876096865393 0] [1.0 -1.6081226496766366e-16 0.0 0] [-1.0336813140684292e-16 -0.6427876096865393 0.766044443118978 0] [2.8144016258108195e-14 459.6266658713868 385.67256581192356 1]",
    "C_10_18mm": "[0.13302222155948906 -0.7544065067354889 -0.6427876096865393 0] [0.984807753012208 0.17364817766693041 0.0 0] [0.11161889704894969 -0.633022221559489 0.766044443118978 0] [-79.8133329356934 452.64390404129335 385.67256581192356 1]",
    "C_11_18mm": "[0.26200263022938486 -0.7198463103929542 -0.6427876096865393 0] [0.9396926207859084 0.3420201433256686 0.0 0] [0.21984631039295408 -0.6040227735550536 0.766044443118978 0] [-157.20157813763097 431.90778623577256 385.67256581192356 1]",
    "C_12_18mm": "[0.3830222215594888 -0.6634139481689385 -0.6427876096865393 0] [0.8660254037844388 0.4999999999999997 0.0 0] [0.32139380484326946 -0.5566703992264194 0.766044443118978 0] [-229.8133329356933 398.04836890136306 385.67256581192356 1]",
    "A_01_18mm": "[0.49240387650610407 -0.5868240888334652 -0.6427876096865393 0] [0.766044443118978 0.6427876096865394 0.0 0] [0.4131759111665348 -0.49240387650610395 0.766044443118978 0] [-295.44232590366244 352.09445330007907 385.67256581192356 1]",
    "A_02_18mm": "[0.586824088833465 -0.4924038765061041 -0.6427876096865393 0] [0.6427876096865395 0.7660444431189779 0.0 0] [0.4924038765061039 -0.41317591116653485 0.766044443118978 0] [-352.09445330007907 295.4423259036625 385.67256581192356 1]",
    "A_03_18mm": "[0.6634139481689384 -0.38302222155948895 -0.6427876096865393 0] [0.49999999999999994 0.8660254037844387 0.0 0] [0.5566703992264194 -0.32139380484326957 0.766044443118978 0] [-398.04836890136306 229.81333293569338 385.67256581192356 1]",
    "A_04_18mm": "[0.7198463103929541 -0.2620026302293851 -0.6427876096865393 0] [0.34202014332566893 0.9396926207859083 0.0 0] [0.6040227735550536 -0.2198463103929543 0.766044443118978 0] [-431.9077862357725 157.20157813763103 385.67256581192356 1]",
    "A_05_18mm": "[0.7544065067354889 -0.13302222155948898 -0.6427876096865393 0] [0.1736481776669303 0.984807753012208 0.0 0] [0.633022221559489 -0.11161889704894962 0.766044443118978 0] [-452.64390404129335 79.81333293569338 385.67256581192356 1]",
    "A_06_18mm": "[0.766044443118978 -9.381338752702731e-17 -0.6427876096865393 0] [1.2246467991473532e-16 1.0 0.0 0] [0.6427876096865393 -7.871877887341985e-17 0.766044443118978 0] [-459.6266658713868 5.628803251621639e-14 385.67256581192356 1]",
    "A_07_18mm": "[0.7544065067354889 0.13302222155948912 -0.6427876096865393 0] [-0.1736481776669305 0.984807753012208 0.0 0] [0.633022221559489 0.11161889704894974 0.766044443118978 0] [-452.64390404129335 -79.81333293569347 385.67256581192356 1]",
    "A_08_18mm": "[0.7198463103929542 0.26200263022938486 -0.6427876096865393 0] [-0.3420201433256686 0.9396926207859084 0.0 0] [0.6040227735550536 0.21984631039295408 0.766044443118978 0] [-431.90778623577256 -157.20157813763095 385.67256581192356 1]",
    "A_09_18mm": "[0.6634139481689384 0.3830222215594891 -0.6427876096865393 0] [-0.5000000000000001 0.8660254037844386 0.0 0] [0.5566703992264193 0.3213938048432697 0.766044443118978 0] [-398.048368901363 -229.81333293569347 385.67256581192356 1]",
    "A_10_18mm": "[0.5868240888334652 0.49240387650610395 -0.6427876096865393 0] [-0.6427876096865393 0.766044443118978 0.0 0] [0.49240387650610395 0.41317591116653474 0.766044443118978 0] [-352.09445330007907 -295.4423259036624 385.67256581192356 1]",
    "A_11_18mm": "[0.4924038765061041 0.586824088833465 -0.6427876096865393 0] [-0.7660444431189779 0.6427876096865395 0.0 0] [0.41317591116653485 0.4924038765061039 0.766044443118978 0] [-295.4423259036625 -352.09445330007907 385.67256581192356 1]",
    "A_12_18mm": "[0.38302222155948934 0.6634139481689382 -0.6427876096865393 0] [-0.8660254037844384 0.5000000000000004 0.0 0] [0.3213938048432699 0.5566703992264191 0.766044443118978 0] [-229.8133329356936 -398.04836890136295 385.67256581192356 1]",
    "B_01_18mm": "[0.26200263022938486 0.7198463103929542 -0.6427876096865393 0] [-0.9396926207859084 0.3420201433256686 0.0 0] [0.21984631039295408 0.6040227735550536 0.766044443118978 0] [-157.2015781376309 -431.90778623577256 385.67256581192356 1]",
    "B_02_18mm": "[0.13302222155948906 0.7544065067354889 -0.6427876096865393 0] [-0.984807753012208 0.17364817766693041 0.0 0] [0.11161889704894969 0.633022221559489 0.766044443118978 0] [-79.8133329356934 -452.64390404129335 385.67256581192356 1]",
    "B_03_18mm": "[2.1700272949088276e-16 0.766044443118978 -0.6427876096865393 0] [-1.0 2.83276944882399e-16 0.0 0] [1.8208691028026276e-16 0.6427876096865393 0.766044443118978 0] [-8.443204877432458e-14 -459.6266658713868 385.67256581192356 1]",
    "B_04_18mm": "[-0.13302222155948865 0.754406506735489 -0.6427876096865393 0] [-0.9848077530122081 -0.17364817766692986 0.0 0] [-0.11161889704894934 0.633022221559489 0.766044443118978 0] [79.81333293569324 -452.6439040412934 385.67256581192356 1]",
    "B_05_18mm": "[-0.2620026302293851 0.7198463103929541 -0.6427876096865393 0] [-0.9396926207859083 -0.34202014332566893 0.0 0] [-0.2198463103929543 0.6040227735550536 0.766044443118978 0] [157.2015781376311 -431.9077862357725 385.67256581192356 1]",
    "B_06_18mm": "[-0.3830222215594892 0.6634139481689384 -0.6427876096865393 0] [-0.8660254037844386 -0.5000000000000002 0.0 0] [-0.3213938048432698 0.5566703992264193 0.766044443118978 0] [229.81333293569347 -398.048368901363 385.67256581192356 1]",
    "B_07_18mm": "[-0.49240387650610407 0.5868240888334652 -0.6427876096865393 0] [-0.766044443118978 -0.6427876096865394 0.0 0] [-0.4131759111665348 0.49240387650610395 0.766044443118978 0] [295.4423259036624 -352.0944533000791 385.67256581192356 1]",
    "B_08_18mm": "[-0.586824088833465 0.4924038765061041 -0.6427876096865393 0] [-0.6427876096865395 -0.7660444431189779 0.0 0] [-0.4924038765061039 0.41317591116653485 0.766044443118978 0] [352.094453300079 -295.44232590366255 385.67256581192356 1]",
    "B_09_18mm": "[-0.6634139481689383 0.3830222215594893 -0.6427876096865393 0] [-0.5000000000000003 -0.8660254037844385 0.0 0] [-0.5566703992264191 0.32139380484326985 0.766044443118978 0] [398.0483689013629 -229.8133329356936 385.67256581192356 1]",
    "B_10_18mm": "[-0.7198463103929542 0.26200263022938475 -0.6427876096865393 0] [-0.3420201433256685 -0.9396926207859084 0.0 0] [-0.6040227735550536 0.21984631039295402 0.766044443118978 0] [431.90778623577256 -157.20157813763092 385.67256581192356 1]",
    "B_11_18mm": "[-0.7544065067354889 0.13302222155948895 -0.6427876096865393 0] [-0.17364817766693028 -0.984807753012208 0.0 0] [-0.633022221559489 0.1116188970489496 0.766044443118978 0] [452.64390404129335 -79.81333293569342 385.67256581192356 1]",
    "B_12_18mm": "[-0.766044443118978 9.381338752702731e-17 -0.6427876096865393 0] [-1.2246467991473532e-16 -1.0 0.0 0] [-0.6427876096865393 7.871877887341985e-17 0.766044443118978 0] [459.6266658713868 -1.1257606503243278e-13 385.67256581192356 1]"
}