{
    "C_01_18mm": "[-0.8067072841115988 -0.14224425972292398 -0.573576436351046 0] [0.17364817766693028 -0.984807753012208 0.0 0] [-0.5648625214636234 -0.09960050292505117 0.8191520442889918 0] [403.35364205579936 71.12212986146201 286.788218175523 1]",
    "C_02_18mm": "[-0.7697511313200572 -0.2801664995932353 -0.573576436351046 0] [0.3420201433256685 -0.9396926207859084 0.0 0] [-0.5389855446957562 -0.19617469496901094 0.8191520442889918 0] [384.8755656600286 140.08324979661774 286.788218175523 1]",
    "C_03_18mm": "[-0.7094064799162225 -0.40957602214449584 -0.573576436351046 0] [0.49999999999999994 -0.8660254037844387 0.0 0] [-0.49673176489215404 -0.28678821817552297 0.8191520442889918 0] [354.7032399581113 204.7880110722479 286.788218175523 1]",
    "C_04_18mm": "[-0.6275068715971334 -0.5265407845183631 -0.573576436351046 0] [0.6427876096865391 -0.7660444431189782 0.0 0] [-0.43938504177070514 -0.36868782649461224 0.8191520442889918 0] [313.75343579856656 263.27039225918156 286.788218175523 1]",
    "C_05_18mm": "[-0.5265407845183633 -0.6275068715971331 -0.573576436351046 0] [0.766044443118978 -0.6427876096865394 0.0 0] [-0.3686878264946124 -0.43938504177070503 0.8191520442889918 0] [263.2703922591816 313.75343579856656 286.788218175523 1]",
    "C_06_18mm": "[-0.40957602214449607 -0.7094064799162224 -0.573576436351046 0] [0.8660254037844386 -0.5000000000000002 0.0 0] [-0.28678821817552314 -0.496731764892154 0.8191520442889918 0] [204.788011072248 354.7032399581112 286.788218175523 1]",
    "C_07_18mm": "[-0.2801664995932357 -0.7697511313200571 -0.573576436351046 0] [0.9396926207859083 -0.34202014332566893 0.0 0] [-0.1961746949690112 -0.5389855446957562 0.8191520442889918 0] [140.0832497966178 384.87556566002854 286.788218175523 1]",
    "C_08_18mm": "[-0.142244259722924 -0.8067072841115988 -0.573576436351046 0] [0.984807753012208 -0.1736481776669303 0.0 0] [-0.09960050292505118 -0.5648625214636234 0.8191520442889918 0] [71.12212986146204 403.35364205579936 286.788218175523 1]",
    "C_09_18mm": "[-1.317296955950047e-16 -0.8191520442889918 -0.573576436351046 0] [1.0 -1.6081226496766366e-16 0.0 0] [-9.223812586169269e-17 -0.573576436351046 0.8191520442889918 0] [2.5079298226338118e-14 409.5760221444959 286.788218175523 1]",
    "C_10_18mm": "[0.14224425972292393 -0.8067072841115989 -0.573576436351046 0] [0.9848077530122081 0.17364817766693022 0.0 0] [0.09960050292505114 -0.5648625214636235 0.8191520442889918 0] [-71.122129861462 403.35364205579936 286.788218175523 1]",
    "C_11_18mm": "[0.2801664995932354 -0.7697511313200572 -0.573576436351046 0] [0.9396926207859084 0.3420201433256686 0.0 0] [0.196174694969011 -0.5389855446957562 0.8191520442889918 0] [-140.08324979661774 384.8755656600286 286.788218175523 1]",
    "C_12_18mm": "[0.4095760221444957 -0.7094064799162226 -0.573576436351046 0] [0.8660254037844388 0.4999999999999997 0.0 0] [0.28678821817552286 -0.49673176489215415 0.8191520442889918 0] [-204.78801107224785 354.7032399581113 286.788218175523 1]",
    "A_01_18mm": "[0.5265407845183633 -0.6275068715971331 -0.573576436351046 0] [0.766044443118978 0.6427876096865394 0.0 0] [0.3686878264946124 -0.43938504177070503 0.8191520442889918 0] [-263.2703922591816 313.75343579856656 286.788218175523 1]",
    "A_02_18mm": "[0.6275068715971329 -0.5265407845183635 -0.573576436351046 0] [0.6427876096865397 0.7660444431189778 0.0 0] [0.43938504177070487 -0.36868782649461257 0.8191520442889918 0] [-313.7534357985665 263.2703922591817 286.788218175523 1]",
    "A_03_18mm": "[0.7094064799162225 -0.4095760221444958 -0.573576436351046 0] [0.49999999999999983 0.8660254037844387 0.0 0] [0.49673176489215404 -0.2867882181755229 0.8191520442889918 0] [-354.7032399581113 204.7880110722479 286.788218175523 1]",
    "A_04_18mm": "[0.7697511313200571 -0.2801664995932357 -0.573576436351046 0] [0.34202014332566893 0.9396926207859083 0.0 0] [0.5389855446957562 -0.1961746949690112 0.8191520442889918 0] [-384.87556566002854 140.08324979661782 286.788218175523 1]",
    "A_05_18mm": "[0.8067072841115988 -0.14224425972292398 -0.573576436351046 0] [0.17364817766693028 0.984807753012208 0.0 0] [0.5648625214636234 -0.09960050292505117 0.8191520442889918 0] [-403.35364205579936 71.12212986146199 286.788218175523 1]",
    "A_06_18mm": "[0.8191520442889918 -1.0031719290535247e-16 -0.573576436351046 0] [1.2246467991473532e-16 1.0 0.0 0] [0.573576436351046 -7.024285468436541e-17 0.8191520442889918 0] [-409.5760221444959 5.0158596452676236e-14 286.788218175523 1]",
    "A_07_18mm": "[0.8067072841115988 0.14224425972292415 -0.573576436351046 0] [-0.17364817766693047 0.984807753012208 0.0 0] [0.5648625214636234 0.09960050292505128 0.8191520442889918 0] [-403.35364205579936 -71.12212986146207 286.788218175523 1]",
    "A_08_18mm": "[0.7697511313200572 0.2801664995932354 -0.573576436351046 0] [-0.3420201433256686 0.9396926207859084 0.0 0] [0.5389855446957562 0.196174694969011 0.8191520442889918 0] [-384.8755656600286 -140.0832497966177 286.788218175523 1]",
    "A_09_18mm": "[0.7094064799162224 0.4095760221444959 -0.573576436351046 0] [-0.5 0.8660254037844386 0.0 0] [0.496731764892154 0.286788218175523 0.8191520442889918 0] [-354.7032399581112 -204.788011072248 286.788218175523 1]",
    "A_10_18mm": "[0.6275068715971331 0.5265407845183632 -0.573576436351046 0] [-0.6427876096865393 0.766044443118978 0.0 0] [0.43938504177070503 0.3686878264946123 0.8191520442889918 0] [-313.75343579856656 -263.27039225918156 286.788218175523 1]",
    "A_11_18mm": "[0.5265407845183634 0.627506871597133 -0.573576436351046 0] [-0.7660444431189779 0.6427876096865395 0.0 0] [0.36868782649461246 0.4393850417707049 0.8191520442889918 0] [-263.2703922591817 -313.7534357985665 286.788218175523 1]",
    "A_12_18mm": "[0.4095760221444963 0.7094064799162223 -0.573576436351046 0] [-0.8660254037844384 0.5000000000000004 0.0 0] [0.2867882181755233 0.49673176489215387 0.8191520442889918 0] [-204.7880110722481 -354.70323995811117 286.788218175523 1]",
    "B_01_18mm": "[0.2801664995932354 0.7697511313200572 -0.573576436351046 0] [-0.9396926207859084 0.3420201433256686 0.0 0] [0.196174694969011 0.5389855446957562 0.8191520442889918 0] [-140.08324979661768 -384.8755656600286 286.788218175523 1]",
    "B_02_18mm": "[0.1422442597229241 0.8067072841115988 -0.573576436351046 0] [-0.984807753012208 0.17364817766693041 0.0 0] [0.09960050292505125 0.5648625214636234 0.8191520442889918 0] [-71.12212986146201 -403.35364205579936 286.788218175523 1]",
    "B_03_18mm": "[2.320468885003572e-16 0.8191520442889918 -0.573576436351046 0] [-1.0 2.83276944882399e-16 0.0 0] [1.624809805460581e-16 0.573576436351046 0.8191520442889918 0] [-7.523789467901435e-14 -409.5760221444959 286.788218175523 1]",
    "B_04_18mm": "[-0.14224425972292365 0.8067072841115989 -0.573576436351046 0] [-0.9848077530122081 -0.17364817766692986 0.0 0] [-0.09960050292505093 0.5648625214636235 0.8191520442889918 0] [71.12212986146186 -403.3536420557994 286.788218175523 1]",
    "B_05_18mm": "[-0.2801664995932357 0.7697511313200571 -0.573576436351046 0] [-0.9396926207859083 -0.34202014332566893 0.0 0] [-0.1961746949690112 0.5389855446957562 0.8191520442889918 0] [140.08324979661785 -384.87556566002854 286.788218175523 1]",
    "B_06_18mm": "[-0.40957602214449607 0.7094064799162224 -0.573576436351046 0] [-0.8660254037844386 -0.5000000000000002 0.0 0] [-0.28678821817552314 0.496731764892154 0.8191520442889918 0] [204.788011072248 -354.7032399581112 286.788218175523 1]",
    "B_07_18mm": "[-0.5265407845183633 0.6275068715971331 -0.573576436351046 0] [-0.766044443118978 -0.6427876096865394 0.0 0] [-0.3686878264946124 0.43938504177070503 0.8191520442889918 0] [263.27039225918156 -313.7534357985666 286.788218175523 1]",
    "B_08_18mm": "[-0.6275068715971328 0.5265407845183636 -0.573576436351046 0] [-0.6427876096865398 -0.7660444431189776 0.0 0] [-0.43938504177070475 0.3686878264946126 0.8191520442889918 0] [313.75343579856644 -263.27039225918173 286.788218175523 1]",
    "B_09_18mm": "[-0.7094064799162224 0.4095760221444962 -0.573576436351046 0] [-0.5000000000000003 -0.8660254037844385 0.0 0] [-0.4967317648921539 0.2867882181755232 0.8191520442889918 0] [354.7032399581111 -204.7880110722481 286.788218175523 1]",
    "B_10_18mm": "[-0.7697511313200572 0.2801664995932353 -0.573576436351046 0] [-0.3420201433256685 -0.9396926207859084 0.0 0] [-0.5389855446957562 0.19617469496901094 0.8191520442889918 0] [384.8755656600286 -140.0832497966177 286.788218175523 1]",
    "B_11_18mm": "[-0.8067072841115988 0.14224425972292398 -0.573576436351046 0] [-0.17364817766693028 -0.984807753012208 0.0 0] [-0.5648625214636234 0.09960050292505117 0.8191520442889918 0] [403.35364205579936 -71.12212986146203 286.788218175523 1]",
    "B_12_18mm": "[-0.8191520442889918 1.0031719290535247e-16 -0.573576436351046 0] [-1.2246467991473532e-16 -1.0 0.0 0] [-0.573576436351046 7.024285468436541e-17 0.8191520442889918 0] [409.5760221444959 -1.0031719290535247e-13 286.788218175523 1]"
}