{
    "C_01_18mm": "[-0.8925389352890299 -0.1573786956242626 -0.42261826174069944 0] [0.17364817766693028 -0.984807753012208 0.0 0] [-0.4161977407267834 -0.07338689100003822 0.9063077870366499 0] [535.5233611734179 94.42721737455759 253.57095704441966 1]",
    "C_02_18mm": "[-0.8516507396391464 -0.3099755192194448 -0.42261826174069944 0] [0.3420201433256689 -0.9396926207859083 0.0 0] [-0.3971312619671028 -0.14454395845259907 0.9063077870366499 0] [510.9904437834879 185.98531153166678 253.57095704441966 1]",
    "C_03_18mm": "[-0.7848855672213958 -0.4531538935183249 -0.42261826174069944 0] [0.49999999999999994 -0.8660254037844387 0.0 0] [-0.36599815077066683 -0.2113091308703497 0.9063077870366499 0] [470.93134033283746 271.8923361109949 253.57095704441966 1]",
    "C_04_18mm": "[-0.6942720440148841 -0.5825634160695852 -0.42261826174069944 0] [0.6427876096865391 -0.7660444431189782 0.0 0] [-0.3237443709670647 -0.27165378227418435 0.9063077870366499 0] [416.56322640893023 349.5380496417511 253.57095704441966 1]",
    "C_05_18mm": "[-0.5825634160695854 -0.6942720440148838 -0.42261826174069944 0] [0.766044443118978 -0.6427876096865394 0.0 0] [-0.27165378227418446 -0.3237443709670646 0.9063077870366499 0] [349.53804964175123 416.56322640893023 253.57095704441966 1]",
    "C_06_18mm": "[-0.4531538935183252 -0.7848855672213958 -0.42261826174069944 0] [0.8660254037844386 -0.5000000000000002 0.0 0] [-0.2113091308703498 -0.3659981507706668 0.9063077870366499 0] [271.892336110995 470.9313403328374 253.57095704441966 1]",
    "C_07_18mm": "[-0.30997551921944483 -0.8516507396391464 -0.42261826174069944 0] [0.9396926207859083 -0.34202014332566893 0.0 0] [-0.1445439584525991 -0.3971312619671028 0.9063077870366499 0] [185.98531153166684 510.9904437834878 253.57095704441966 1]",
    "C_08_18mm": "[-0.15737869562426282 -0.8925389352890299 -0.42261826174069944 0] [0.984807753012208 -0.17364817766693053 0.0 0] [-0.07338689100003833 -0.4161977407267834 0.9063077870366499 0] [94.42721737455763 535.5233611734179 253.57095704441966 1]",
    "C_09_18mm": "[-1.4574540799119464e-16 -0.9063077870366499 -0.42261826174069944 0] [1.0 -1.6081226496766366e-16 0.0 0] [-6.79621998872188e-17 -0.42261826174069944 0.9063077870366499 0] [3.329720791310263e-14 543.7846722219899 253.57095704441966 1]",
    "C_10_18mm": "[0.1573786956242627 -0.8925389352890299 -0.42261826174069944 0] [0.984807753012208 0.17364817766693041 0.0 0] [0.07338689100003827 -0.4161977407267834 0.9063077870366499 0] [-94.42721737455757 535.5233611734179 253.57095704441966 1]",
    "C_11_18mm": "[0.3099755192194448 -0.8516507396391464 -0.42261826174069944 0] [0.9396926207859083 0.3420201433256688 0.0 0] [0.14454395845259904 -0.3971312619671028 0.9063077870366499 0] [-185.98531153166678 510.9904437834879 253.57095704441966 1]",
    "C_12_18mm": "[0.45315389351832486 -0.7848855672213958 -0.42261826174069944 0] [0.8660254037844387 0.4999999999999999 0.0 0] [0.21130913087034967 -0.36599815077066683 0.9063077870366499 0] [-271.89233611099485 470.93134033283746 253.57095704441966 1]",
    "A_01_18mm": "[0.5825634160695855 -0.6942720440148837 -0.42261826174069944 0] [0.7660444431189779 0.6427876096865395 0.0 0] [0.27165378227418446 -0.32374437096706454 0.9063077870366499 0] [-349.53804964175123 416.56322640893023 253.57095704441966 1]",
    "A_02_18mm": "[0.6942720440148836 -0.5825634160695857 -0.42261826174069944 0] [0.6427876096865397 0.7660444431189778 0.0 0] [0.3237443709670645 -0.2716537822741846 0.9063077870366499 0] [-416.5632264089302 349.5380496417513 253.57095704441966 1]",
    "A_03_18mm": "[0.7848855672213958 -0.4531538935183248 -0.42261826174069944 0] [0.49999999999999983 0.8660254037844387 0.0 0] [0.36599815077066683 -0.21130913087034964 0.9063077870366499 0] [-470.93134033283746 271.8923361109949 253.57095704441966 1]",
    "A_04_18mm": "[0.8516507396391464 -0.30997551921944483 -0.42261826174069944 0] [0.34202014332566893 0.9396926207859083 0.0 0] [0.3971312619671028 -0.1445439584525991 0.9063077870366499 0] [-510.9904437834878 185.98531153166687 253.57095704441966 1]",
    "A_05_18mm": "[0.8925389352890299 -0.15737869562426263 -0.42261826174069944 0] [0.1736481776669303 0.984807753012208 0.0 0] [0.4161977407267834 -0.07338689100003823 0.9063077870366499 0] [-535.5233611734179 94.42721737455756 253.57095704441966 1]",
    "A_06_18mm": "[0.9063077870366499 -1.1099069304367545e-16 -0.42261826174069944 0] [1.2246467991473532e-16 1.0 0.0 0] [0.42261826174069944 -5.175581015019659e-17 0.9063077870366499 0] [-543.7846722219899 6.659441582620526e-14 253.57095704441966 1]",
    "A_07_18mm": "[0.8925389352890299 0.15737869562426277 -0.42261826174069944 0] [-0.17364817766693047 0.984807753012208 0.0 0] [0.4161977407267834 0.0733868910000383 0.9063077870366499 0] [-535.5233611734179 -94.42721737455766 253.57095704441966 1]",
    "A_08_18mm": "[0.8516507396391465 0.30997551921944466 -0.42261826174069944 0] [-0.3420201433256687 0.9396926207859084 0.0 0] [0.39713126196710286 0.144543958452599 0.9063077870366499 0] [-510.9904437834879 -185.98531153166675 253.57095704441966 1]",
    "A_09_18mm": "[0.7848855672213958 0.4531538935183251 -0.42261826174069944 0] [-0.5000000000000001 0.8660254037844386 0.0 0] [0.3659981507706668 0.21130913087034978 0.9063077870366499 0] [-470.9313403328374 -271.892336110995 253.57095704441966 1]",
    "A_10_18mm": "[0.6942720440148838 0.5825634160695853 -0.42261826174069944 0] [-0.6427876096865393 0.766044443118978 0.0 0] [0.3237443709670646 0.2716537822741844 0.9063077870366499 0] [-416.56322640893023 -349.5380496417511 253.57095704441966 1]",
    "A_11_18mm": "[0.5825634160695856 0.6942720440148836 -0.42261826174069944 0] [-0.7660444431189778 0.6427876096865396 0.0 0] [0.2716537822741845 0.3237443709670645 0.9063077870366499 0] [-349.5380496417513 -416.5632264089302 253.57095704441966 1]",
    "A_12_18mm": "[0.45315389351832525 0.7848855672213957 -0.42261826174069944 0] [-0.8660254037844385 0.5000000000000003 0.0 0] [0.21130913087034986 0.3659981507706667 0.9063077870366499 0] [-271.8923361109952 -470.93134033283735 253.57095704441966 1]",
    "B_01_18mm": "[0.30997551921944455 0.8516507396391465 -0.42261826174069944 0] [-0.9396926207859084 0.3420201433256686 0.0 0] [0.14454395845259896 0.39713126196710286 0.9063077870366499 0] [-185.9853115316667 -510.9904437834879 253.57095704441966 1]",
    "B_02_18mm": "[0.1573786956242627 0.8925389352890299 -0.42261826174069944 0] [-0.984807753012208 0.17364817766693041 0.0 0] [0.07338689100003827 0.4161977407267834 0.9063077870366499 0] [-94.42721737455759 -535.5233611734179 253.57095704441966 1]",
    "B_03_18mm": "[2.5673610103487006e-16 0.9063077870366499 -0.42261826174069944 0] [-1.0 2.83276944882399e-16 0.0 0] [1.197180100374154e-16 0.42261826174069944 0.9063077870366499 0] [-9.989162373930788e-14 -543.7846722219899 253.57095704441966 1]",
    "B_04_18mm": "[-0.1573786956242622 0.89253893528903 -0.42261826174069944 0] [-0.9848077530122081 -0.17364817766692986 0.0 0] [-0.07338689100003805 0.41619774072678345 0.9063077870366499 0] [94.42721737455739 -535.523361173418 253.57095704441966 1]",
    "B_05_18mm": "[-0.30997551921944483 0.8516507396391464 -0.42261826174069944 0] [-0.9396926207859083 -0.34202014332566893 0.0 0] [-0.1445439584525991 0.3971312619671028 0.9063077870366499 0] [185.98531153166692 -510.9904437834878 253.57095704441966 1]",
    "B_06_18mm": "[-0.4531538935183252 0.7848855672213958 -0.42261826174069944 0] [-0.8660254037844386 -0.5000000000000002 0.0 0] [-0.2113091308703498 0.3659981507706668 0.9063077870366499 0] [271.892336110995 -470.9313403328374 253.57095704441966 1]",
    "B_07_18mm": "[-0.5825634160695851 0.6942720440148841 -0.42261826174069944 0] [-0.7660444431189783 -0.642787609686539 0.0 0] [-0.2716537822741843 0.3237443709670647 0.9063077870366499 0] [349.5380496417511 -416.56322640893035 253.57095704441966 1]",
    "B_08_18mm": "[-0.6942720440148834 0.5825634160695857 -0.42261826174069944 0] [-0.6427876096865398 -0.7660444431189776 0.0 0] [-0.32374437096706443 0.27165378227418463 0.9063077870366499 0] [416.5632264089301 -349.53804964175134 253.57095704441966 1]",
    "B_09_18mm": "[-0.7848855672213957 0.45315389351832525 -0.42261826174069944 0] [-0.5000000000000003 -0.8660254037844385 0.0 0] [-0.3659981507706667 0.21130913087034986 0.9063077870366499 0] [470.9313403328373 -271.8923361109952 253.57095704441966 1]",
    "B_10_18mm": "[-0.8516507396391465 0.30997551921944444 -0.42261826174069944 0] [-0.3420201433256685 -0.9396926207859084 0.0 0] [-0.39713126196710286 0.1445439584525989 0.9063077870366499 0] [510.9904437834879 -185.98531153166672 253.57095704441966 1]",
    "B_11_18mm": "[-0.8925389352890299 0.1573786956242626 -0.42261826174069944 0] [-0.17364817766693028 -0.984807753012208 0.0 0] [-0.4161977407267834 0.07338689100003822 0.9063077870366499 0] [535.5233611734179 -94.42721737455761 253.57095704441966 1]",
    "B_12_18mm": "[-0.9063077870366499 1.1099069304367545e-16 -0.42261826174069944 0] [-1.2246467991473532e-16 -1.0 0.0 0] [-0.42261826174069944 5.175581015019659e-17 0.9063077870366499 0] [543.7846722219899 -1.331888316524105e-13 253.57095704441966 1]"
}