{
    "C_01_18mm": "[-0.696364240320019 -0.1227878039689728 -0.7071067811865476 0] [0.17364817766693028 -0.984807753012208 0.0 0] [-0.696364240320019 -0.1227878039689728 0.7071067811865476 0] [417.81854419201136 73.67268238138371 424.26406871192853 1]",
    "C_02_18mm": "[-0.6644630243886747 -0.2418447626479754 -0.7071067811865476 0] [0.3420201433256689 -0.9396926207859083 0.0 0] [-0.6644630243886747 -0.2418447626479754 0.7071067811865476 0] [398.67781463320483 145.10685758878515 424.26406871192853 1]",
    "C_03_18mm": "[-0.6123724356957946 -0.35355339059327373 -0.7071067811865476 0] [0.49999999999999994 -0.8660254037844387 0.0 0] [-0.6123724356957946 -0.35355339059327373 0.7071067811865476 0] [367.42346141747674 212.13203435596424 424.26406871192853 1]",
    "C_04_18mm": "[-0.5416752204197021 -0.4545194776720436 -0.7071067811865476 0] [0.6427876096865391 -0.7660444431189782 0.0 0] [-0.5416752204197021 -0.4545194776720436 0.7071067811865476 0] [325.0051322518211 272.7116866032262 424.26406871192853 1]",
    "C_05_18mm": "[-0.45451947767204376 -0.5416752204197018 -0.7071067811865476 0] [0.766044443118978 -0.6427876096865394 0.0 0] [-0.45451947767204376 -0.5416752204197018 0.7071067811865476 0] [272.7116866032262 325.0051322518211 424.26406871192853 1]",
    "C_06_18mm": "[-0.35355339059327395 -0.6123724356957946 -0.7071067811865476 0] [0.8660254037844386 -0.5000000000000002 0.0 0] [-0.35355339059327395 -0.6123724356957946 0.7071067811865476 0] [212.13203435596432 367.4234614174767 424.26406871192853 1]",
    "C_07_18mm": "[-0.24184476264797541 -0.6644630243886747 -0.7071067811865476 0] [0.9396926207859083 -0.34202014332566893 0.0 0] [-0.24184476264797541 -0.6644630243886747 0.7071067811865476 0] [145.1068575887852 398.67781463320483 424.26406871192853 1]",
    "C_08_18mm": "[-0.12278780396897299 -0.696364240320019 -0.7071067811865476 0] [0.984807753012208 -0.17364817766693053 0.0 0] [-0.12278780396897299 -0.696364240320019 0.7071067811865476 0] [73.67268238138374 417.81854419201136 424.26406871192853 1]",
    "C_09_18mm": "[-1.1371144305660286e-16 -0.7071067811865476 -0.7071067811865476 0] [1.0 -1.6081226496766366e-16 0.0 0] [-1.1371144305660286e-16 -0.7071067811865476 0.7071067811865476 0] [2.59786816870648e-14 424.26406871192853 424.26406871192853 1]",
    "C_10_18mm": "[0.1227878039689729 -0.696364240320019 -0.7071067811865476 0] [0.984807753012208 0.17364817766693041 0.0 0] [0.1227878039689729 -0.696364240320019 0.7071067811865476 0] [-73.6726823813837 417.81854419201136 424.26406871192853 1]",
    "C_11_18mm": "[0.2418447626479752 -0.6644630243886748 -0.7071067811865476 0] [0.9396926207859084 0.3420201433256686 0.0 0] [0.2418447626479752 -0.6644630243886748 0.7071067811865476 0] [-145.10685758878515 398.67781463320483 424.26406871192853 1]",
    "C_12_18mm": "[0.35355339059327373 -0.6123724356957946 -0.7071067811865476 0] [0.8660254037844387 0.4999999999999999 0.0 0] [0.35355339059327373 -0.6123724356957946 0.7071067811865476 0] [-212.13203435596418 367.42346141747674 424.26406871192853 1]",
    "A_01_18mm": "[0.45451947767204365 -0.541675220419702 -0.7071067811865476 0] [0.7660444431189781 0.6427876096865393 0.0 0] [0.45451947767204365 -0.541675220419702 0.7071067811865476 0] [-272.7116866032262 325.0051322518211 424.26406871192853 1]",
    "A_02_18mm": "[0.5416752204197018 -0.4545194776720438 -0.7071067811865476 0] [0.6427876096865395 0.7660444431189779 0.0 0] [0.5416752204197018 -0.4545194776720438 0.7071067811865476 0] [-325.00513225182107 272.71168660322627 424.26406871192853 1]",
    "A_03_18mm": "[0.6123724356957946 -0.35355339059327373 -0.7071067811865476 0] [0.49999999999999994 0.8660254037844387 0.0 0] [0.6123724356957946 -0.35355339059327373 0.7071067811865476 0] [-367.42346141747674 212.13203435596424 424.26406871192853 1]",
    "A_04_18mm": "[0.6644630243886747 -0.24184476264797541 -0.7071067811865476 0] [0.34202014332566893 0.9396926207859083 0.0 0] [0.6644630243886747 -0.24184476264797541 0.7071067811865476 0] [-398.67781463320483 145.10685758878523 424.26406871192853 1]",
    "A_05_18mm": "[0.696364240320019 -0.1227878039689728 -0.7071067811865476 0] [0.17364817766693028 0.984807753012208 0.0 0] [0.696364240320019 -0.1227878039689728 0.7071067811865476 0] [-417.81854419201136 73.67268238138368 424.26406871192853 1]",
    "A_06_18mm": "[0.7071067811865476 -8.659560562354934e-17 -0.7071067811865476 0] [1.2246467991473532e-16 1.0 0.0 0] [0.7071067811865476 -8.659560562354934e-17 0.7071067811865476 0] [-424.26406871192853 5.19573633741296e-14 424.26406871192853 1]",
    "A_07_18mm": "[0.696364240320019 0.12278780396897294 -0.7071067811865476 0] [-0.17364817766693047 0.984807753012208 0.0 0] [0.696364240320019 0.12278780396897294 0.7071067811865476 0] [-417.81854419201136 -73.67268238138377 424.26406871192853 1]",
    "A_08_18mm": "[0.6644630243886748 0.24184476264797522 -0.7071067811865476 0] [-0.34202014332566866 0.9396926207859084 0.0 0] [0.6644630243886748 0.24184476264797522 0.7071067811865476 0] [-398.67781463320483 -145.10685758878512 424.26406871192853 1]",
    "A_09_18mm": "[0.6123724356957946 0.35355339059327384 -0.7071067811865476 0] [-0.5000000000000001 0.8660254037844386 0.0 0] [0.6123724356957946 0.35355339059327384 0.7071067811865476 0] [-367.4234614174767 -212.13203435596432 424.26406871192853 1]",
    "A_10_18mm": "[0.5416752204197018 0.45451947767204365 -0.7071067811865476 0] [-0.6427876096865393 0.766044443118978 0.0 0] [0.5416752204197018 0.45451947767204365 0.7071067811865476 0] [-325.0051322518211 -272.7116866032262 424.26406871192853 1]",
    "A_11_18mm": "[0.4545194776720438 0.5416752204197018 -0.7071067811865476 0] [-0.7660444431189779 0.6427876096865395 0.0 0] [0.4545194776720438 0.5416752204197018 0.7071067811865476 0] [-272.71168660322627 -325.00513225182107 424.26406871192853 1]",
    "A_12_18mm": "[0.3535533905932741 0.6123724356957944 -0.7071067811865476 0] [-0.8660254037844384 0.5000000000000004 0.0 0] [0.3535533905932741 0.6123724356957944 0.7071067811865476 0] [-212.13203435596446 -367.4234614174767 424.26406871192853 1]",
    "B_01_18mm": "[0.2418447626479752 0.6644630243886748 -0.7071067811865476 0] [-0.9396926207859084 0.3420201433256686 0.0 0] [0.2418447626479752 0.6644630243886748 0.7071067811865476 0] [-145.1068575887851 -398.67781463320483 424.26406871192853 1]",
    "B_02_18mm": "[0.1227878039689729 0.696364240320019 -0.7071067811865476 0] [-0.984807753012208 0.17364817766693041 0.0 0] [0.1227878039689729 0.696364240320019 0.7071067811865476 0] [-73.67268238138371 -417.81854419201136 424.26406871192853 1]",
    "B_03_18mm": "[2.003070486801522e-16 0.7071067811865476 -0.7071067811865476 0] [-1.0 2.83276944882399e-16 0.0 0] [2.003070486801522e-16 0.7071067811865476 0.7071067811865476 0] [-7.79360450611944e-14 -424.26406871192853 424.26406871192853 1]",
    "B_04_18mm": "[-0.12278780396897251 0.6963642403200191 -0.7071067811865476 0] [-0.9848077530122081 -0.17364817766692986 0.0 0] [-0.12278780396897251 0.6963642403200191 0.7071067811865476 0] [73.67268238138355 -417.8185441920114 424.26406871192853 1]",
    "B_05_18mm": "[-0.24184476264797541 0.6644630243886747 -0.7071067811865476 0] [-0.9396926207859083 -0.34202014332566893 0.0 0] [-0.24184476264797541 0.6644630243886747 0.7071067811865476 0] [145.10685758878526 -398.67781463320483 424.26406871192853 1]",
    "B_06_18mm": "[-0.35355339059327395 0.6123724356957946 -0.7071067811865476 0] [-0.8660254037844386 -0.5000000000000002 0.0 0] [-0.35355339059327395 0.6123724356957946 0.7071067811865476 0] [212.13203435596432 -367.4234614174767 424.26406871192853 1]",
    "B_07_18mm": "[-0.45451947767204376 0.5416752204197018 -0.7071067811865476 0] [-0.766044443118978 -0.6427876096865394 0.0 0] [-0.45451947767204376 0.5416752204197018 0.7071067811865476 0] [272.7116866032262 -325.0051322518212 424.26406871192853 1]",
    "B_08_18mm": "[-0.5416752204197018 0.4545194776720438 -0.7071067811865476 0] [-0.6427876096865395 -0.7660444431189779 0.0 0] [-0.5416752204197018 0.4545194776720438 0.7071067811865476 0] [325.005132251821 -272.7116866032263 424.26406871192853 1]",
    "B_09_18mm": "[-0.6123724356957945 0.353553390593274 -0.7071067811865476 0] [-0.5000000000000003 -0.8660254037844385 0.0 0] [-0.6123724356957945 0.353553390593274 0.7071067811865476 0] [367.42346141747663 -212.13203435596446 424.26406871192853 1]",
    "B_10_18mm": "[-0.6644630243886748 0.2418447626479751 -0.7071067811865476 0] [-0.3420201433256685 -0.9396926207859084 0.0 0] [-0.6644630243886748 0.2418447626479751 0.7071067811865476 0] [398.67781463320483 -145.10685758878512 424.26406871192853 1]",
    "B_11_18mm": "[-0.696364240320019 0.1227878039689728 -0.7071067811865476 0] [-0.17364817766693028 -0.984807753012208 0.0 0] [-0.696364240320019 0.1227878039689728 0.7071067811865476 0] [417.81854419201136 -73.67268238138372 424.26406871192853 1]",
    "B_12_18mm": "[-0.7071067811865476 8.659560562354934e-17 -0.7071067811865476 0] [-1.2246467991473532e-16 -1.0 0.0 0] [-0.7071067811865476 8.659560562354934e-17 0.7071067811865476 0] [424.26406871192853 -1.039147267482592e-13 424.26406871192853 1]"
}