{
    "C_01_18mm": "[-0.696364240320019 -0.1227878039689728 -0.7071067811865476 0] [0.17364817766693028 -0.984807753012208 0.0 0] [-0.696364240320019 -0.1227878039689728 0.7071067811865476 0] [278.5456961280076 49.11512158758914 282.842712474619 1]",
    "C_02_18mm": "[-0.6644630243886747 -0.2418447626479754 -0.7071067811865476 0] [0.3420201433256689 -0.9396926207859083 0.0 0] [-0.6644630243886747 -0.2418447626479754 0.7071067811865476 0] [265.7852097554699 96.7379050591901 282.842712474619 1]",
    "C_03_18mm": "[-0.6123724356957946 -0.35355339059327373 -0.7071067811865476 0] [0.49999999999999994 -0.8660254037844387 0.0 0] [-0.6123724356957946 -0.35355339059327373 0.7071067811865476 0] [244.94897427831785 141.42135623730948 282.842712474619 1]",
    "C_04_18mm": "[-0.5416752204197018 -0.4545194776720438 -0.7071067811865476 0] [0.6427876096865395 -0.7660444431189779 0.0 0] [-0.5416752204197018 -0.4545194776720438 0.7071067811865476 0] [216.67008816788075 181.80779106881747 282.842712474619 1]",
    "C_05_18mm": "[-0.45451947767204376 -0.5416752204197018 -0.7071067811865476 0] [0.766044443118978 -0.6427876096865394 0.0 0] [-0.45451947767204376 -0.5416752204197018 0.7071067811865476 0] [181.8077910688175 216.67008816788075 282.842712474619 1]",
    "C_06_18mm": "[-0.35355339059327395 -0.6123724356957946 -0.7071067811865476 0] [0.8660254037844386 -0.5000000000000002 0.0 0] [-0.35355339059327395 -0.6123724356957946 0.7071067811865476 0] [141.42135623730954 244.9489742783178 282.842712474619 1]",
    "C_07_18mm": "[-0.24184476264797541 -0.6644630243886747 -0.7071067811865476 0] [0.9396926207859083 -0.34202014332566893 0.0 0] [-0.24184476264797541 -0.6644630243886747 0.7071067811865476 0] [96.73790505919014 265.78520975546985 282.842712474619 1]",
    "C_08_18mm": "[-0.12278780396897299 -0.696364240320019 -0.7071067811865476 0] [0.984807753012208 -0.17364817766693053 0.0 0] [-0.12278780396897299 -0.696364240320019 0.7071067811865476 0] [49.11512158758916 278.5456961280076 282.842712474619 1]",
    "C_09_18mm": "[-1.1371144305660286e-16 -0.7071067811865476 -0.7071067811865476 0] [1.0 -1.6081226496766366e-16 0.0 0] [-1.1371144305660286e-16 -0.7071067811865476 0.7071067811865476 0] [1.7319121124709865e-14 282.842712474619 282.842712474619 1]",
    "C_10_18mm": "[0.1227878039689729 -0.696364240320019 -0.7071067811865476 0] [0.984807753012208 0.17364817766693041 0.0 0] [0.1227878039689729 -0.696364240320019 0.7071067811865476 0] [-49.11512158758913 278.5456961280076 282.842712474619 1]",
    "C_11_18mm": "[0.2418447626479752 -0.6644630243886748 -0.7071067811865476 0] [0.9396926207859084 0.3420201433256686 0.0 0] [0.2418447626479752 -0.6644630243886748 0.7071067811865476 0] [-96.7379050591901 265.7852097554699 282.842712474619 1]",
    "C_12_18mm": "[0.35355339059327373 -0.6123724356957946 -0.7071067811865476 0] [0.8660254037844387 0.4999999999999999 0.0 0] [0.35355339059327373 -0.6123724356957946 0.7071067811865476 0] [-141.42135623730945 244.94897427831785 282.842712474619 1]",
    "A_01_18mm": "[0.4545194776720438 -0.5416752204197018 -0.7071067811865476 0] [0.7660444431189779 0.6427876096865395 0.0 0] [0.4545194776720438 -0.5416752204197018 0.7071067811865476 0] [-181.8077910688175 216.67008816788075 282.842712474619 1]",
    "A_02_18mm": "[0.5416752204197018 -0.4545194776720438 -0.7071067811865476 0] [0.6427876096865395 0.7660444431189779 0.0 0] [0.5416752204197018 -0.4545194776720438 0.7071067811865476 0] [-216.67008816788072 181.80779106881752 282.842712474619 1]",
    "A_03_18mm": "[0.6123724356957946 -0.35355339059327373 -0.7071067811865476 0] [0.49999999999999994 0.8660254037844387 0.0 0] [0.6123724356957946 -0.35355339059327373 0.7071067811865476 0] [-244.94897427831785 141.42135623730948 282.842712474619 1]",
    "A_04_18mm": "[0.6644630243886747 -0.24184476264797541 -0.7071067811865476 0] [0.34202014332566893 0.9396926207859083 0.0 0] [0.6644630243886747 -0.24184476264797541 0.7071067811865476 0] [-265.78520975546985 96.73790505919015 282.842712474619 1]",
    "A_05_18mm": "[0.696364240320019 -0.1227878039689728 -0.7071067811865476 0] [0.17364817766693028 0.984807753012208 0.0 0] [0.696364240320019 -0.1227878039689728 0.7071067811865476 0] [-278.5456961280076 49.11512158758912 282.842712474619 1]",
    "A_06_18mm": "[0.7071067811865476 -8.659560562354934e-17 -0.7071067811865476 0] [1.2246467991473532e-16 1.0 0.0 0] [0.7071067811865476 -8.659560562354934e-17 0.7071067811865476 0] [-282.842712474619 3.463824224941973e-14 282.842712474619 1]",
    "A_07_18mm": "[0.696364240320019 0.12278780396897292 -0.7071067811865476 0] [-0.17364817766693044 0.984807753012208 0.0 0] [0.696364240320019 0.12278780396897292 0.7071067811865476 0] [-278.5456961280076 -49.11512158758917 282.842712474619 1]",
    "A_08_18mm": "[0.6644630243886748 0.24184476264797522 -0.7071067811865476 0] [-0.34202014332566866 0.9396926207859084 0.0 0] [0.6644630243886748 0.24184476264797522 0.7071067811865476 0] [-265.7852097554699 -96.73790505919008 282.842712474619 1]",
    "A_09_18mm": "[0.6123724356957946 0.35355339059327384 -0.7071067811865476 0] [-0.5000000000000001 0.8660254037844386 0.0 0] [0.6123724356957946 0.35355339059327384 0.7071067811865476 0] [-244.9489742783178 -141.42135623730954 282.842712474619 1]",
    "A_10_18mm": "[0.5416752204197018 0.45451947767204365 -0.7071067811865476 0] [-0.6427876096865393 0.766044443118978 0.0 0] [0.5416752204197018 0.45451947767204365 0.7071067811865476 0] [-216.67008816788075 -181.80779106881747 282.842712474619 1]",
    "A_11_18mm": "[0.4545194776720438 0.5416752204197018 -0.7071067811865476 0] [-0.7660444431189779 0.6427876096865395 0.0 0] [0.4545194776720438 0.5416752204197018 0.7071067811865476 0] [-181.80779106881752 -216.67008816788072 282.842712474619 1]",
    "A_12_18mm": "[0.353553390593274 0.6123724356957945 -0.7071067811865476 0] [-0.8660254037844385 0.5000000000000003 0.0 0] [0.353553390593274 0.6123724356957945 0.7071067811865476 0] [-141.42135623730962 -244.94897427831776 282.842712474619 1]",
    "B_01_18mm": "[0.2418447626479752 0.6644630243886748 -0.7071067811865476 0] [-0.9396926207859084 0.3420201433256686 0.0 0] [0.2418447626479752 0.6644630243886748 0.7071067811865476 0] [-96.73790505919006 -265.7852097554699 282.842712474619 1]",
    "B_02_18mm": "[0.1227878039689729 0.696364240320019 -0.7071067811865476 0] [-0.984807753012208 0.17364817766693041 0.0 0] [0.1227878039689729 0.696364240320019 0.7071067811865476 0] [-49.11512158758914 -278.5456961280076 282.842712474619 1]",
    "B_03_18mm": "[2.003070486801522e-16 0.7071067811865476 -0.7071067811865476 0] [-1.0 2.83276944882399e-16 0.0 0] [2.003070486801522e-16 0.7071067811865476 0.7071067811865476 0] [-5.19573633741296e-14 -282.842712474619 282.842712474619 1]",
    "B_04_18mm": "[-0.12278780396897267 0.6963642403200191 -0.7071067811865476 0] [-0.9848077530122081 -0.17364817766693008 0.0 0] [-0.12278780396897267 0.6963642403200191 0.7071067811865476 0] [49.11512158758903 -278.5456961280076 282.842712474619 1]",
    "B_05_18mm": "[-0.24184476264797541 0.6644630243886747 -0.7071067811865476 0] [-0.9396926207859083 -0.34202014332566893 0.0 0] [-0.24184476264797541 0.6644630243886747 0.7071067811865476 0] [96.73790505919018 -265.78520975546985 282.842712474619 1]",
    "B_06_18mm": "[-0.35355339059327395 0.6123724356957946 -0.7071067811865476 0] [-0.8660254037844386 -0.5000000000000002 0.0 0] [-0.35355339059327395 0.6123724356957946 0.7071067811865476 0] [141.42135623730954 -244.9489742783178 282.842712474619 1]",
    "B_07_18mm": "[-0.45451947767204376 0.5416752204197018 -0.7071067811865476 0] [-0.766044443118978 -0.6427876096865394 0.0 0] [-0.45451947767204376 0.5416752204197018 0.7071067811865476 0] [181.80779106881747 -216.67008816788078 282.842712474619 1]",
    "B_08_18mm": "[-0.5416752204197018 0.4545194776720438 -0.7071067811865476 0] [-0.6427876096865395 -0.7660444431189779 0.0 0] [-0.5416752204197018 0.4545194776720438 0.7071067811865476 0] [216.6700881678807 -181.80779106881755 282.842712474619 1]",
    "B_09_18mm": "[-0.6123724356957945 0.353553390593274 -0.7071067811865476 0] [-0.5000000000000003 -0.8660254037844385 0.0 0] [-0.6123724356957945 0.353553390593274 0.7071067811865476 0] [244.94897427831773 -141.42135623730962 282.842712474619 1]",
    "B_10_18mm": "[-0.6644630243886748 0.2418447626479751 -0.7071067811865476 0] [-0.3420201433256685 -0.9396926207859084 0.0 0] [-0.6644630243886748 0.2418447626479751 0.7071067811865476 0] [265.7852097554699 -96.73790505919007 282.842712474619 1]",
    "B_11_18mm": "[-0.696364240320019 0.1227878039689728 -0.7071067811865476 0] [-0.17364817766693028 -0.984807753012208 0.0 0] [-0.696364240320019 0.1227878039689728 0.7071067811865476 0] [278.5456961280076 -49.11512158758915 282.842712474619 1]",
    "B_12_18mm": "[-0.7071067811865476 8.659560562354934e-17 -0.7071067811865476 0] [-1.2246467991473532e-16 -1.0 0.0 0] [-0.7071067811865476 8.659560562354934e-17 0.7071067811865476 0] [282.842712474619 -6.927648449883946e-14 282.842712474619 1]"
}