{
    "C_01_18mm": "[-0.696364240320019 -0.1227878039689728 -0.7071067811865476 0] [0.17364817766693028 -0.984807753012208 0.0 0] [-0.696364240320019 -0.1227878039689728 0.7071067811865476 0] [348.18212016000945 61.39390198448642 353.5533905932738 1]",
    "C_02_18mm": "[-0.6644630243886748 -0.2418447626479751 -0.7071067811865476 0] [0.3420201433256685 -0.9396926207859084 0.0 0] [-0.6644630243886748 -0.2418447626479751 0.7071067811865476 0] [332.23151219433737 120.92238132398762 353.5533905932738 1]",
    "C_03_18mm": "[-0.6123724356957946 -0.35355339059327373 -0.7071067811865476 0] [0.49999999999999994 -0.8660254037844387 0.0 0] [-0.6123724356957946 -0.35355339059327373 0.7071067811865476 0] [306.1862178478973 176.77669529663686 353.5533905932738 1]",
    "C_04_18mm": "[-0.5416752204197018 -0.4545194776720438 -0.7071067811865476 0] [0.6427876096865395 -0.7660444431189779 0.0 0] [-0.5416752204197018 -0.4545194776720438 0.7071067811865476 0] [270.83761020985094 227.25973883602182 353.5533905932738 1]",
    "C_05_18mm": "[-0.45451947767204376 -0.5416752204197018 -0.7071067811865476 0] [0.766044443118978 -0.6427876096865394 0.0 0] [-0.45451947767204376 -0.5416752204197018 0.7071067811865476 0] [227.25973883602185 270.83761020985094 353.5533905932738 1]",
    "C_06_18mm": "[-0.35355339059327395 -0.6123724356957946 -0.7071067811865476 0] [0.8660254037844386 -0.5000000000000002 0.0 0] [-0.35355339059327395 -0.6123724356957946 0.7071067811865476 0] [176.77669529663692 306.18621784789724 353.5533905932738 1]",
    "C_07_18mm": "[-0.24184476264797541 -0.6644630243886747 -0.7071067811865476 0] [0.9396926207859083 -0.34202014332566893 0.0 0] [-0.24184476264797541 -0.6644630243886747 0.7071067811865476 0] [120.92238132398766 332.2315121943373 353.5533905932738 1]",
    "C_08_18mm": "[-0.12278780396897299 -0.696364240320019 -0.7071067811865476 0] [0.984807753012208 -0.17364817766693053 0.0 0] [-0.12278780396897299 -0.696364240320019 0.7071067811865476 0] [61.39390198448645 348.18212016000945 353.5533905932738 1]",
    "C_09_18mm": "[-1.1371144305660286e-16 -0.7071067811865476 -0.7071067811865476 0] [1.0 -1.6081226496766366e-16 0.0 0] [-1.1371144305660286e-16 -0.7071067811865476 0.7071067811865476 0] [2.1648901405887332e-14 353.5533905932738 353.5533905932738 1]",
    "C_10_18mm": "[0.1227878039689729 -0.696364240320019 -0.7071067811865476 0] [0.984807753012208 0.17364817766693041 0.0 0] [0.1227878039689729 -0.696364240320019 0.7071067811865476 0] [-61.39390198448641 348.18212016000945 353.5533905932738 1]",
    "C_11_18mm": "[0.2418447626479752 -0.6644630243886748 -0.7071067811865476 0] [0.9396926207859084 0.3420201433256686 0.0 0] [0.2418447626479752 -0.6644630243886748 0.7071067811865476 0] [-120.92238132398762 332.23151219433737 353.5533905932738 1]",
    "C_12_18mm": "[0.35355339059327373 -0.6123724356957946 -0.7071067811865476 0] [0.8660254037844387 0.4999999999999999 0.0 0] [0.35355339059327373 -0.6123724356957946 0.7071067811865476 0] [-176.7766952966368 306.1862178478973 353.5533905932738 1]",
    "A_01_18mm": "[0.45451947767204376 -0.5416752204197018 -0.7071067811865476 0] [0.766044443118978 0.6427876096865394 0.0 0] [0.45451947767204376 -0.5416752204197018 0.7071067811865476 0] [-227.25973883602185 270.83761020985094 353.5533905932738 1]",
    "A_02_18mm": "[0.5416752204197017 -0.454519477672044 -0.7071067811865476 0] [0.6427876096865397 0.7660444431189778 0.0 0] [0.5416752204197017 -0.454519477672044 0.7071067811865476 0] [-270.8376102098509 227.2597388360219 353.5533905932738 1]",
    "A_03_18mm": "[0.6123724356957946 -0.35355339059327373 -0.7071067811865476 0] [0.49999999999999994 0.8660254037844387 0.0 0] [0.6123724356957946 -0.35355339059327373 0.7071067811865476 0] [-306.1862178478973 176.77669529663686 353.5533905932738 1]",
    "A_04_18mm": "[0.6644630243886747 -0.24184476264797541 -0.7071067811865476 0] [0.34202014332566893 0.9396926207859083 0.0 0] [0.6644630243886747 -0.24184476264797541 0.7071067811865476 0] [-332.2315121943373 120.9223813239877 353.5533905932738 1]",
    "A_05_18mm": "[0.696364240320019 -0.1227878039689728 -0.7071067811865476 0] [0.17364817766693028 0.984807753012208 0.0 0] [0.696364240320019 -0.1227878039689728 0.7071067811865476 0] [-348.18212016000945 61.3939019844864 353.5533905932738 1]",
    "A_06_18mm": "[0.7071067811865476 -8.659560562354934e-17 -0.7071067811865476 0] [1.2246467991473532e-16 1.0 0.0 0] [0.7071067811865476 -8.659560562354934e-17 0.7071067811865476 0] [-353.5533905932738 4.3297802811774664e-14 353.5533905932738 1]",
    "A_07_18mm": "[0.696364240320019 0.12278780396897296 -0.7071067811865476 0] [-0.1736481776669305 0.984807753012208 0.0 0] [0.696364240320019 0.12278780396897296 0.7071067811865476 0] [-348.18212016000945 -61.39390198448647 353.5533905932738 1]",
    "A_08_18mm": "[0.6644630243886748 0.2418447626479752 -0.7071067811865476 0] [-0.3420201433256686 0.9396926207859084 0.0 0] [0.6644630243886748 0.2418447626479752 0.7071067811865476 0] [-332.23151219433737 -120.92238132398761 353.5533905932738 1]",
    "A_09_18mm": "[0.6123724356957946 0.35355339059327384 -0.7071067811865476 0] [-0.5000000000000001 0.8660254037844386 0.0 0] [0.6123724356957946 0.35355339059327384 0.7071067811865476 0] [-306.18621784789724 -176.77669529663692 353.5533905932738 1]",
    "A_10_18mm": "[0.5416752204197018 0.45451947767204365 -0.7071067811865476 0] [-0.6427876096865393 0.766044443118978 0.0 0] [0.5416752204197018 0.45451947767204365 0.7071067811865476 0] [-270.83761020985094 -227.25973883602182 353.5533905932738 1]",
    "A_11_18mm": "[0.4545194776720438 0.5416752204197018 -0.7071067811865476 0] [-0.7660444431189779 0.6427876096865395 0.0 0] [0.4545194776720438 0.5416752204197018 0.7071067811865476 0] [-227.2597388360219 -270.8376102098509 353.5533905932738 1]",
    "A_12_18mm": "[0.3535533905932741 0.6123724356957944 -0.7071067811865476 0] [-0.8660254037844384 0.5000000000000004 0.0 0] [0.3535533905932741 0.6123724356957944 0.7071067811865476 0] [-176.77669529663706 -306.18621784789724 353.5533905932738 1]",
    "B_01_18mm": "[0.2418447626479752 0.6644630243886748 -0.7071067811865476 0] [-0.9396926207859084 0.3420201433256686 0.0 0] [0.2418447626479752 0.6644630243886748 0.7071067811865476 0] [-120.92238132398757 -332.23151219433737 353.5533905932738 1]",
    "B_02_18mm": "[0.1227878039689729 0.696364240320019 -0.7071067811865476 0] [-0.984807753012208 0.17364817766693041 0.0 0] [0.1227878039689729 0.696364240320019 0.7071067811865476 0] [-61.39390198448642 -348.18212016000945 353.5533905932738 1]",
    "B_03_18mm": "[2.003070486801522e-16 0.7071067811865476 -0.7071067811865476 0] [-1.0 2.83276944882399e-16 0.0 0] [2.003070486801522e-16 0.7071067811865476 0.7071067811865476 0] [-6.4946704217662e-14 -353.5533905932738 353.5533905932738 1]",
    "B_04_18mm": "[-0.12278780396897251 0.6963642403200191 -0.7071067811865476 0] [-0.9848077530122081 -0.17364817766692986 0.0 0] [-0.12278780396897251 0.6963642403200191 0.7071067811865476 0] [61.39390198448629 -348.1821201600095 353.5533905932738 1]",
    "B_05_18mm": "[-0.24184476264797541 0.6644630243886747 -0.7071067811865476 0] [-0.9396926207859083 -0.34202014332566893 0.0 0] [-0.24184476264797541 0.6644630243886747 0.7071067811865476 0] [120.92238132398772 -332.2315121943373 353.5533905932738 1]",
    "B_06_18mm": "[-0.35355339059327395 0.6123724356957946 -0.7071067811865476 0] [-0.8660254037844386 -0.5000000000000002 0.0 0] [-0.35355339059327395 0.6123724356957946 0.7071067811865476 0] [176.77669529663692 -306.18621784789724 353.5533905932738 1]",
    "B_07_18mm": "[-0.45451947767204376 0.5416752204197018 -0.7071067811865476 0] [-0.766044443118978 -0.6427876096865394 0.0 0] [-0.45451947767204376 0.5416752204197018 0.7071067811865476 0] [227.25973883602182 -270.837610209851 353.5533905932738 1]",
    "B_08_18mm": "[-0.5416752204197015 0.45451947767204404 -0.7071067811865476 0] [-0.6427876096865398 -0.7660444431189776 0.0 0] [-0.5416752204197015 0.45451947767204404 0.7071067811865476 0] [270.8376102098508 -227.25973883602194 353.5533905932738 1]",
    "B_09_18mm": "[-0.6123724356957945 0.353553390593274 -0.7071067811865476 0] [-0.5000000000000003 -0.8660254037844385 0.0 0] [-0.6123724356957945 0.353553390593274 0.7071067811865476 0] [306.1862178478972 -176.77669529663706 353.5533905932738 1]",
    "B_10_18mm": "[-0.6644630243886748 0.2418447626479751 -0.7071067811865476 0] [-0.3420201433256685 -0.9396926207859084 0.0 0] [-0.6644630243886748 0.2418447626479751 0.7071067811865476 0] [332.23151219433737 -120.9223813239876 353.5533905932738 1]",
    "B_11_18mm": "[-0.696364240320019 0.1227878039689728 -0.7071067811865476 0] [-0.17364817766693028 -0.984807753012208 0.0 0] [-0.696364240320019 0.1227878039689728 0.7071067811865476 0] [348.18212016000945 -61.39390198448644 353.5533905932738 1]",
    "B_12_18mm": "[-0.7071067811865476 8.659560562354934e-17 -0.7071067811865476 0] [-1.2246467991473532e-16 -1.0 0.0 0] [-0.7071067811865476 8.659560562354934e-17 0.7071067811865476 0] [353.5533905932738 -8.659560562354933e-14 353.5533905932738 1]"
}