{
    "C_01_18mm": "[-0.7544065067354889 -0.13302222155948895 -0.6427876096865393 0] [0.17364817766693028 -0.984807753012208 0.0 0] [-0.633022221559489 -0.1116188970489496 0.766044443118978 0] [301.7626026941956 53.2088886237956 257.1150438746157 1]",
    "C_02_18mm": "[-0.7198463103929541 -0.2620026302293851 -0.6427876096865393 0] [0.3420201433256689 -0.9396926207859083 0.0 0] [-0.6040227735550536 -0.21984631039295427 0.766044443118978 0] [287.9385241571817 104.80105209175399 257.1150438746157 1]",
    "C_03_18mm": "[-0.6634139481689384 -0.38302222155948895 -0.6427876096865393 0] [0.49999999999999994 -0.8660254037844387 0.0 0] [-0.5566703992264194 -0.32139380484326957 0.766044443118978 0] [265.3655792675754 153.2088886237956 257.1150438746157 1]",
    "C_04_18mm": "[-0.586824088833465 -0.4924038765061041 -0.6427876096865393 0] [0.6427876096865395 -0.7660444431189779 0.0 0] [-0.4924038765061039 -0.41317591116653485 0.766044443118978 0] [234.72963553338607 196.9615506024416 257.1150438746157 1]",
    "C_05_18mm": "[-0.49240387650610407 -0.5868240888334652 -0.6427876096865393 0] [0.766044443118978 -0.6427876096865394 0.0 0] [-0.4131759111665348 -0.49240387650610395 0.766044443118978 0] [196.96155060244163 234.72963553338607 257.1150438746157 1]",
    "C_06_18mm": "[-0.3830222215594892 -0.6634139481689384 -0.6427876096865393 0] [0.8660254037844386 -0.5000000000000002 0.0 0] [-0.3213938048432698 -0.5566703992264193 0.766044443118978 0] [153.20888862379564 265.36557926757536 257.1150438746157 1]",
    "C_07_18mm": "[-0.2620026302293849 -0.7198463103929542 -0.6427876096865393 0] [0.9396926207859084 -0.3420201433256687 0.0 0] [-0.21984631039295416 -0.6040227735550536 0.766044443118978 0] [104.80105209175402 287.9385241571817 257.1150438746157 1]",
    "C_08_18mm": "[-0.13302222155948915 -0.7544065067354889 -0.6427876096865393 0] [0.984807753012208 -0.17364817766693053 0.0 0] [-0.11161889704894976 -0.633022221559489 0.766044443118978 0] [53.20888862379563 301.7626026941956 257.1150438746157 1]",
    "C_09_18mm": "[-1.2318934196385545e-16 -0.766044443118978 -0.6427876096865393 0] [1.0 -1.6081226496766366e-16 0.0 0] [-1.0336813140684292e-16 -0.6427876096865393 0.766044443118978 0] [1.8762677505405465e-14 306.41777724759123 257.1150438746157 1]",
    "C_10_18mm": "[0.13302222155948892 -0.754406506735489 -0.6427876096865393 0] [0.9848077530122081 0.17364817766693022 0.0 0] [0.11161889704894956 -0.633022221559489 0.766044443118978 0] [-53.208888623795595 301.7626026941956 257.1150438746157 1]",
    "C_11_18mm": "[0.262002630229385 -0.7198463103929541 -0.6427876096865393 0] [0.9396926207859083 0.3420201433256688 0.0 0] [0.21984631039295421 -0.6040227735550536 0.766044443118978 0] [-104.80105209175399 287.9385241571817 257.1150438746157 1]",
    "C_12_18mm": "[0.3830222215594889 -0.6634139481689384 -0.6427876096865393 0] [0.8660254037844387 0.4999999999999999 0.0 0] [0.32139380484326957 -0.5566703992264194 0.766044443118978 0] [-153.20888862379556 265.3655792675754 257.1150438746157 1]",
    "A_01_18mm": "[0.4924038765061041 -0.586824088833465 -0.6427876096865393 0] [0.7660444431189779 0.6427876096865395 0.0 0] [0.41317591116653485 -0.4924038765061039 0.766044443118978 0] [-196.96155060244163 234.72963553338607 257.1150438746157 1]",
    "A_02_18mm": "[0.586824088833465 -0.4924038765061041 -0.6427876096865393 0] [0.6427876096865395 0.7660444431189779 0.0 0] [0.4924038765061039 -0.41317591116653485 0.766044443118978 0] [-234.72963553338604 196.96155060244166 257.1150438746157 1]",
    "A_03_18mm": "[0.6634139481689384 -0.3830222215594889 -0.6427876096865393 0] [0.49999999999999983 0.8660254037844387 0.0 0] [0.5566703992264194 -0.3213938048432695 0.766044443118978 0] [-265.3655792675754 153.2088886237956 257.1150438746157 1]",
    "A_04_18mm": "[0.7198463103929541 -0.2620026302293851 -0.6427876096865393 0] [0.34202014332566893 0.9396926207859083 0.0 0] [0.6040227735550536 -0.2198463103929543 0.766044443118978 0] [-287.9385241571817 104.80105209175403 257.1150438746157 1]",
    "A_05_18mm": "[0.7544065067354889 -0.13302222155948895 -0.6427876096865393 0] [0.17364817766693028 0.984807753012208 0.0 0] [0.633022221559489 -0.1116188970489496 0.766044443118978 0] [-301.7626026941956 53.20888862379559 257.1150438746157 1]",
    "A_06_18mm": "[0.766044443118978 -9.381338752702731e-17 -0.6427876096865393 0] [1.2246467991473532e-16 1.0 0.0 0] [0.6427876096865393 -7.871877887341985e-17 0.766044443118978 0] [-306.41777724759123 3.752535501081093e-14 257.1150438746157 1]",
    "A_07_18mm": "[0.7544065067354889 0.13302222155948912 -0.6427876096865393 0] [-0.17364817766693047 0.984807753012208 0.0 0] [0.633022221559489 0.11161889704894973 0.766044443118978 0] [-301.7626026941956 -53.208888623795644 257.1150438746157 1]",
    "A_08_18mm": "[0.7198463103929542 0.2620026302293849 -0.6427876096865393 0] [-0.34202014332566866 0.9396926207859084 0.0 0] [0.6040227735550536 0.21984631039295413 0.766044443118978 0] [-287.9385241571817 -104.80105209175396 257.1150438746157 1]",
    "A_09_18mm": "[0.6634139481689384 0.3830222215594891 -0.6427876096865393 0] [-0.5000000000000001 0.8660254037844386 0.0 0] [0.5566703992264193 0.3213938048432697 0.766044443118978 0] [-265.36557926757536 -153.20888862379564 257.1150438746157 1]",
    "A_10_18mm": "[0.5868240888334652 0.49240387650610395 -0.6427876096865393 0] [-0.6427876096865393 0.766044443118978 0.0 0] [0.49240387650610395 0.41317591116653474 0.766044443118978 0] [-234.72963553338607 -196.9615506024416 257.1150438746157 1]",
    "A_11_18mm": "[0.4924038765061041 0.586824088833465 -0.6427876096865393 0] [-0.7660444431189779 0.6427876096865395 0.0 0] [0.41317591116653485 0.4924038765061039 0.766044443118978 0] [-196.96155060244166 -234.72963553338604 257.1150438746157 1]",
    "A_12_18mm": "[0.38302222155948934 0.6634139481689382 -0.6427876096865393 0] [-0.8660254037844384 0.5000000000000004 0.0 0] [0.3213938048432699 0.5566703992264191 0.766044443118978 0] [-153.20888862379576 -265.3655792675753 257.1150438746157 1]",
    "B_01_18mm": "[0.26200263022938486 0.7198463103929542 -0.6427876096865393 0] [-0.9396926207859084 0.3420201433256686 0.0 0] [0.21984631039295408 0.6040227735550536 0.766044443118978 0] [-104.80105209175393 -287.9385241571817 257.1150438746157 1]",
    "B_02_18mm": "[0.13302222155948906 0.7544065067354889 -0.6427876096865393 0] [-0.984807753012208 0.17364817766693041 0.0 0] [0.11161889704894969 0.633022221559489 0.766044443118978 0] [-53.2088886237956 -301.7626026941956 257.1150438746157 1]",
    "B_03_18mm": "[2.1700272949088276e-16 0.766044443118978 -0.6427876096865393 0] [-1.0 2.83276944882399e-16 0.0 0] [1.8208691028026276e-16 0.6427876096865393 0.766044443118978 0] [-5.628803251621639e-14 -306.41777724759123 257.1150438746157 1]",
    "B_04_18mm": "[-0.13302222155948865 0.754406506735489 -0.6427876096865393 0] [-0.9848077530122081 -0.17364817766692986 0.0 0] [-0.11161889704894934 0.633022221559489 0.766044443118978 0] [53.208888623795495 -301.7626026941956 257.1150438746157 1]",
    "B_05_18mm": "[-0.2620026302293851 0.7198463103929541 -0.6427876096865393 0] [-0.9396926207859083 -0.34202014332566893 0.0 0] [-0.2198463103929543 0.6040227735550536 0.766044443118978 0] [104.80105209175407 -287.9385241571817 257.1150438746157 1]",
    "B_06_18mm": "[-0.3830222215594892 0.6634139481689384 -0.6427876096865393 0] [-0.8660254037844386 -0.5000000000000002 0.0 0] [-0.3213938048432698 0.5566703992264193 0.766044443118978 0] [153.20888862379564 -265.36557926757536 257.1150438746157 1]",
    "B_07_18mm": "[-0.49240387650610407 0.5868240888334652 -0.6427876096865393 0] [-0.766044443118978 -0.6427876096865394 0.0 0] [-0.4131759111665348 0.49240387650610395 0.766044443118978 0] [196.9615506024416 -234.7296355333861 257.1150438746157 1]",
    "B_08_18mm": "[-0.586824088833465 0.4924038765061041 -0.6427876096865393 0] [-0.6427876096865395 -0.7660444431189779 0.0 0] [-0.4924038765061039 0.41317591116653485 0.766044443118978 0] [234.72963553338602 -196.9615506024417 257.1150438746157 1]",
    "B_09_18mm": "[-0.6634139481689383 0.3830222215594893 -0.6427876096865393 0] [-0.5000000000000003 -0.8660254037844385 0.0 0] [-0.5566703992264191 0.32139380484326985 0.766044443118978 0] [265.3655792675753 -153.20888862379576 257.1150438746157 1]",
    "B_10_18mm": "[-0.7198463103929542 0.26200263022938475 -0.6427876096865393 0] [-0.3420201433256685 -0.9396926207859084 0.0 0] [-0.6040227735550536 0.21984631039295402 0.766044443118978 0] [287.9385241571817 -104.80105209175395 257.1150438746157 1]",
    "B_11_18mm": "[-0.7544065067354889 0.13302222155948895 -0.6427876096865393 0] [-0.17364817766693028 -0.984807753012208 0.0 0] [-0.633022221559489 0.1116188970489496 0.766044443118978 0] [301.7626026941956 -53.20888862379562 257.1150438746157 1]",
    "B_12_18mm": "[-0.766044443118978 9.381338752702731e-17 -0.6427876096865393 0] [-1.2246467991473532e-16 -1.0 0.0 0] [-0.6427876096865393 7.871877887341985e-17 0.766044443118978 0] [306.41777724759123 -7.505071002162186e-14 257.1150438746157 1]"
}