{
    "C_01_18mm": "[-0.984807753012208 -0.17364817766693028 -0.0 0] [0.17364817766693028 -0.984807753012208 0.0 0] [-0.0 0.0 1.0 0] [492.403876506104 86.82408883346517 0.0 1]",
    "C_02_18mm": "[-0.9396926207859083 -0.3420201433256689 -0.0 0] [0.3420201433256689 -0.9396926207859083 0.0 0] [-0.0 0.0 1.0 0] [469.8463103929542 171.01007166283435 0.0 1]",
    "C_03_18mm": "[-0.8660254037844387 -0.49999999999999994 -0.0 0] [0.49999999999999994 -0.8660254037844387 0.0 0] [-0.0 0.0 1.0 0] [433.01270189221935 249.99999999999997 0.0 1]",
    "C_04_18mm": "[-0.7660444431189782 -0.6427876096865391 -0.0 0] [0.6427876096865391 -0.7660444431189782 0.0 0] [-0.0 0.0 1.0 0] [383.022221559489 321.3938048432696 0.0 1]",
    "C_05_18mm": "[-0.6427876096865394 -0.766044443118978 -0.0 0] [0.766044443118978 -0.6427876096865394 0.0 0] [-0.0 0.0 1.0 0] [321.39380484326966 383.022221559489 0.0 1]",
    "C_06_18mm": "[-0.5000000000000002 -0.8660254037844386 -0.0 0] [0.8660254037844386 -0.5000000000000002 0.0 0] [-0.0 0.0 1.0 0] [250.00000000000006 433.0127018922193 0.0 1]",
    "C_07_18mm": "[-0.34202014332566893 -0.9396926207859083 -0.0 0] [0.9396926207859083 -0.34202014332566893 0.0 0] [-0.0 0.0 1.0 0] [171.0100716628344 469.84631039295414 0.0 1]",
    "C_08_18mm": "[-0.17364817766693053 -0.984807753012208 -0.0 0] [0.984807753012208 -0.17364817766693053 0.0 0] [-0.0 0.0 1.0 0] [86.82408883346521 492.403876506104 0.0 1]",
    "C_09_18mm": "[-1.6081226496766366e-16 -1.0 -0.0 0] [1.0 -1.6081226496766366e-16 0.0 0] [-0.0 0.0 1.0 0] [3.061616997868383e-14 500.0 0.0 1]",
    "C_10_18mm": "[0.17364817766693022 -0.9848077530122081 -0.0 0] [0.9848077530122081 0.17364817766693022 0.0 0] [0.0 -0.0 1.0 0] [-86.82408883346515 492.403876506104 0.0 1]",
    "C_11_18mm": "[0.3420201433256686 -0.9396926207859084 -0.0 0] [0.9396926207859084 0.3420201433256686 0.0 0] [0.0 -0.0 1.0 0] [-171.01007166283435 469.8463103929542 0.0 1]",
    "C_12_18mm": "[0.4999999999999997 -0.8660254037844388 -0.0 0] [0.8660254037844388 0.4999999999999997 0.0 0] [0.0 -0.0 1.0 0] [-249.9999999999999 433.01270189221935 0.0 1]",
    "A_01_18mm": "[0.6427876096865394 -0.766044443118978 -0.0 0] [0.766044443118978 0.6427876096865394 0.0 0] [0.0 -0.0 1.0 0] [-321.39380484326966 383.022221559489 0.0 1]",
    "A_02_18mm": "[0.7660444431189779 -0.6427876096865395 -0.0 0] [0.6427876096865395 0.7660444431189779 0.0 0] [0.0 -0.0 1.0 0] [-383.02222155948897 321.3938048432697 0.0 1]",
    "A_03_18mm": "[0.8660254037844387 -0.49999999999999994 -0.0 0] [0.49999999999999994 0.8660254037844387 0.0 0] [0.0 -0.0 1.0 0] [-433.01270189221935 249.99999999999997 0.0 1]",
    "A_04_18mm": "[0.9396926207859083 -0.34202014332566893 -0.0 0] [0.34202014332566893 0.9396926207859083 0.0 0] [0.0 -0.0 1.0 0] [-469.84631039295414 171.01007166283443 0.0 1]",
    "A_05_18mm": "[0.984807753012208 -0.17364817766693028 -0.0 0] [0.17364817766693028 0.984807753012208 0.0 0] [0.0 -0.0 1.0 0] [-492.403876506104 86.82408883346514 0.0 1]",
    "A_06_18mm": "[1.0 -1.2246467991473532e-16 -0.0 0] [1.2246467991473532e-16 1.0 0.0 0] [0.0 -0.0 1.0 0] [-500.0 6.123233995736766e-14 0.0 1]",
    "A_07_18mm": "[0.984807753012208 0.17364817766693047 -0.0 0] [-0.17364817766693047 0.984807753012208 0.0 0] [0.0 0.0 1.0 0] [-492.403876506104 -86.82408883346524 0.0 1]",
    "A_08_18mm": "[0.9396926207859084 0.34202014332566866 -0.0 0] [-0.34202014332566866 0.9396926207859084 0.0 0] [0.0 0.0 1.0 0] [-469.8463103929542 -171.01007166283432 0.0 1]",
    "A_09_18mm": "[0.8660254037844386 0.5000000000000001 -0.0 0] [-0.5000000000000001 0.8660254037844386 0.0 0] [0.0 0.0 1.0 0] [-433.0127018922193 -250.00000000000006 0.0 1]",
    "A_10_18mm": "[0.766044443118978 0.6427876096865393 -0.0 0] [-0.6427876096865393 0.766044443118978 0.0 0] [0.0 0.0 1.0 0] [-383.022221559489 -321.3938048432696 0.0 1]",
    "A_11_18mm": "[0.6427876096865395 0.7660444431189779 -0.0 0] [-0.7660444431189779 0.6427876096865395 0.0 0] [0.0 0.0 1.0 0] [-321.3938048432697 -383.02222155948897 0.0 1]",
    "A_12_18mm": "[0.5000000000000004 0.8660254037844384 -0.0 0] [-0.8660254037844384 0.5000000000000004 0.0 0] [0.0 0.0 1.0 0] [-250.00000000000023 -433.01270189221924 0.0 1]",
    "B_01_18mm": "[0.3420201433256686 0.9396926207859084 -0.0 0] [-0.9396926207859084 0.3420201433256686 0.0 0] [0.0 0.0 1.0 0] [-171.01007166283426 -469.8463103929542 0.0 1]",
    "B_02_18mm": "[0.17364817766693041 0.984807753012208 -0.0 0] [-0.984807753012208 0.17364817766693041 0.0 0] [0.0 0.0 1.0 0] [-86.82408883346517 -492.403876506104 0.0 1]",
    "B_03_18mm": "[2.83276944882399e-16 1.0 -0.0 0] [-1.0 2.83276944882399e-16 0.0 0] [0.0 0.0 1.0 0] [-9.184850993605149e-14 -500.0 0.0 1]",
    "B_04_18mm": "[-0.17364817766692986 0.9848077530122081 -0.0 0] [-0.9848077530122081 -0.17364817766692986 0.0 0] [0.0 0.0 1.0 0] [86.82408883346498 -492.40387650610404 0.0 1]",
    "B_05_18mm": "[-0.34202014332566893 0.9396926207859083 -0.0 0] [-0.9396926207859083 -0.34202014332566893 0.0 0] [0.0 0.0 1.0 0] [171.0100716628345 -469.84631039295414 0.0 1]",
    "B_06_18mm": "[-0.5000000000000002 0.8660254037844386 -0.0 0] [-0.8660254037844386 -0.5000000000000002 0.0 0] [0.0 0.0 1.0 0] [250.00000000000006 -433.0127018922193 0.0 1]",
    "B_07_18mm": "[-0.6427876096865394 0.766044443118978 -0.0 0] [-0.766044443118978 -0.6427876096865394 0.0 0] [0.0 0.0 1.0 0] [321.3938048432696 -383.0222215594891 0.0 1]",
    "B_08_18mm": "[-0.7660444431189779 0.6427876096865395 -0.0 0] [-0.6427876096865395 -0.7660444431189779 0.0 0] [0.0 0.0 1.0 0] [383.0222215594889 -321.3938048432698 0.0 1]",
    "B_09_18mm": "[-0.8660254037844385 0.5000000000000003 -0.0 0] [-0.5000000000000003 -0.8660254037844385 0.0 0] [0.0 0.0 1.0 0] [433.0127018922192 -250.00000000000023 0.0 1]",
    "B_10_18mm": "[-0.9396926207859084 0.3420201433256685 -0.0 0] [-0.3420201433256685 -0.9396926207859084 0.0 0] [0.0 0.0 1.0 0] [469.8463103929542 -171.0100716628343 0.0 1]",
    "B_11_18mm": "[-0.984807753012208 0.17364817766693028 -0.0 0] [-0.17364817766693028 -0.984807753012208 0.0 0] [0.0 0.0 1.0 0] [492.403876506104 -86.8240888334652 0.0 1]",
    "B_12_18mm": "[-1.0 1.2246467991473532e-16 -0.0 0] [-1.2246467991473532e-16 -1.0 0.0 0] [0.0 0.0 1.0 0] [500.0 -1.2246467991473532e-13 0.0 1]"
}