{
    "C_01_18mm": "[-0.9512512425641977 -0.16773125949652057 -0.25881904510252074 0] [0.17364817766693028 -0.984807753012208 0.0 0] [-0.25488700224417876 -0.04494345552754776 0.9659258262890683 0] [380.50049702567907 67.09250379860825 103.5276180410083 1]",
    "C_02_18mm": "[-0.9076733711903687 -0.3303660895493519 -0.25881904510252074 0] [0.3420201433256685 -0.9396926207859084 0.0 0] [-0.24321034680169396 -0.0885213269013768 0.9659258262890683 0] [363.06934847614747 132.14643581974084 103.5276180410083 1]",
    "C_03_18mm": "[-0.8365163037378079 -0.4829629131445341 -0.25881904510252074 0] [0.49999999999999994 -0.8660254037844387 0.0 0] [-0.2241438680420134 -0.12940952255126034 0.9659258262890683 0] [334.60652149512316 193.18516525781362 103.5276180410083 1]",
    "C_04_18mm": "[-0.7399421116938483 -0.6208851530148455 -0.25881904510252074 0] [0.6427876096865391 -0.7660444431189782 0.0 0] [-0.1982668912741462 -0.16636567534280186 0.9659258262890683 0] [295.9768446775392 248.3540612059382 103.5276180410083 1]",
    "C_05_18mm": "[-0.6208851530148457 -0.739942111693848 -0.25881904510252074 0] [0.766044443118978 -0.6427876096865394 0.0 0] [-0.16636567534280192 -0.19826689127414615 0.9659258262890683 0] [248.35406120593825 295.9768446775392 103.5276180410083 1]",
    "C_06_18mm": "[-0.4829629131445344 -0.8365163037378078 -0.25881904510252074 0] [0.8660254037844386 -0.5000000000000002 0.0 0] [-0.12940952255126043 -0.22414386804201336 0.9659258262890683 0] [193.1851652578137 334.6065214951231 103.5276180410083 1]",
    "C_07_18mm": "[-0.3303660895493523 -0.9076733711903686 -0.25881904510252074 0] [0.9396926207859083 -0.34202014332566893 0.0 0] [-0.08852132690137691 -0.24321034680169393 0.9659258262890683 0] [132.14643581974087 363.0693484761474 103.5276180410083 1]",
    "C_08_18mm": "[-0.16773125949652082 -0.9512512425641977 -0.25881904510252074 0] [0.984807753012208 -0.17364817766693053 0.0 0] [-0.044943455527547825 -0.25488700224417876 0.9659258262890683 0] [67.09250379860828 380.50049702567907 103.5276180410083 1]",
    "C_09_18mm": "[-1.5533271991630711e-16 -0.9659258262890683 -0.25881904510252074 0] [1.0 -1.6081226496766366e-16 0.0 0] [-4.1621276859704255e-17 -0.25881904510252074 0.9659258262890683 0] [2.3658359427573395e-14 386.3703305156273 103.5276180410083 1]",
    "C_10_18mm": "[0.1677312594965205 -0.9512512425641978 -0.25881904510252074 0] [0.9848077530122081 0.17364817766693022 0.0 0] [0.04494345552754775 -0.2548870022441788 0.9659258262890683 0] [-67.09250379860823 380.50049702567907 103.5276180410083 1]",
    "C_11_18mm": "[0.33036608954935204 -0.9076733711903687 -0.25881904510252074 0] [0.9396926207859084 0.3420201433256686 0.0 0] [0.08852132690137683 -0.24321034680169396 0.9659258262890683 0] [-132.14643581974084 363.06934847614747 103.5276180410083 1]",
    "C_12_18mm": "[0.48296291314453405 -0.8365163037378079 -0.25881904510252074 0] [0.8660254037844387 0.4999999999999999 0.0 0] [0.12940952255126034 -0.2241438680420134 0.9659258262890683 0] [-193.18516525781357 334.60652149512316 103.5276180410083 1]",
    "A_01_18mm": "[0.6208851530148457 -0.739942111693848 -0.25881904510252074 0] [0.766044443118978 0.6427876096865394 0.0 0] [0.16636567534280192 -0.19826689127414615 0.9659258262890683 0] [-248.35406120593825 295.9768446775392 103.5276180410083 1]",
    "A_02_18mm": "[0.7399421116938478 -0.620885153014846 -0.25881904510252074 0] [0.6427876096865397 0.7660444431189778 0.0 0] [0.1982668912741461 -0.16636567534280203 0.9659258262890683 0] [-295.97684467753913 248.3540612059383 103.5276180410083 1]",
    "A_03_18mm": "[0.8365163037378079 -0.4829629131445341 -0.25881904510252074 0] [0.49999999999999994 0.8660254037844387 0.0 0] [0.2241438680420134 -0.12940952255126034 0.9659258262890683 0] [-334.60652149512316 193.18516525781362 103.5276180410083 1]",
    "A_04_18mm": "[0.9076733711903686 -0.3303660895493523 -0.25881904510252074 0] [0.34202014332566893 0.9396926207859083 0.0 0] [0.24321034680169393 -0.08852132690137691 0.9659258262890683 0] [-363.0693484761474 132.1464358197409 103.5276180410083 1]",
    "A_05_18mm": "[0.9512512425641977 -0.16773125949652057 -0.25881904510252074 0] [0.17364817766693028 0.984807753012208 0.0 0] [0.25488700224417876 -0.04494345552754776 0.9659258262890683 0] [-380.50049702567907 67.09250379860822 103.5276180410083 1]",
    "A_06_18mm": "[0.9659258262890683 -1.18291797137867e-16 -0.25881904510252074 0] [1.2246467991473535e-16 1.0 0.0 0] [0.25881904510252074 -3.1696191514317656e-17 0.9659258262890683 0] [-386.3703305156273 4.731671885514679e-14 103.5276180410083 1]",
    "A_07_18mm": "[0.9512512425641977 0.16773125949652073 -0.25881904510252074 0] [-0.17364817766693044 0.984807753012208 0.0 0] [0.25488700224417876 0.044943455527547804 0.9659258262890683 0] [-380.50049702567907 -67.09250379860829 103.5276180410083 1]",
    "A_08_18mm": "[0.9076733711903687 0.33036608954935204 -0.25881904510252074 0] [-0.3420201433256686 0.9396926207859084 0.0 0] [0.24321034680169396 0.08852132690137683 0.9659258262890683 0] [-363.06934847614747 -132.14643581974082 103.5276180410083 1]",
    "A_09_18mm": "[0.8365163037378078 0.48296291314453427 -0.25881904510252074 0] [-0.5000000000000001 0.8660254037844386 0.0 0] [0.22414386804201336 0.1294095225512604 0.9659258262890683 0] [-334.6065214951231 -193.1851652578137 103.5276180410083 1]",
    "A_10_18mm": "[0.7399421116938482 0.6208851530148456 -0.25881904510252074 0] [-0.6427876096865393 0.7660444431189781 0.0 0] [0.19826689127414618 0.1663656753428019 0.9659258262890683 0] [-295.9768446775392 -248.3540612059382 103.5276180410083 1]",
    "A_11_18mm": "[0.6208851530148459 0.7399421116938478 -0.25881904510252074 0] [-0.7660444431189778 0.6427876096865396 0.0 0] [0.166365675342802 0.1982668912741461 0.9659258262890683 0] [-248.3540612059383 -295.97684467753913 103.5276180410083 1]",
    "A_12_18mm": "[0.4829629131445345 0.8365163037378077 -0.25881904510252074 0] [-0.8660254037844385 0.5000000000000003 0.0 0] [0.12940952255126045 0.22414386804201333 0.9659258262890683 0] [-193.18516525781382 -334.6065214951231 103.5276180410083 1]",
    "B_01_18mm": "[0.33036608954935204 0.9076733711903687 -0.25881904510252074 0] [-0.9396926207859084 0.3420201433256686 0.0 0] [0.08852132690137683 0.24321034680169396 0.9659258262890683 0] [-132.1464358197408 -363.06934847614747 103.5276180410083 1]",
    "B_02_18mm": "[0.1677312594965207 0.9512512425641977 -0.25881904510252074 0] [-0.984807753012208 0.17364817766693041 0.0 0] [0.0449434555275478 0.25488700224417876 0.9659258262890683 0] [-67.09250379860825 -380.50049702567907 103.5276180410083 1]",
    "B_03_18mm": "[2.736245170541741e-16 0.9659258262890683 -0.25881904510252074 0] [-1.0 2.83276944882399e-16 0.0 0] [7.33174683740219e-17 0.25881904510252074 0.9659258262890683 0] [-7.097507828272018e-14 -386.3703305156273 103.5276180410083 1]",
    "B_04_18mm": "[-0.16773125949652015 0.9512512425641978 -0.25881904510252074 0] [-0.9848077530122081 -0.17364817766692986 0.0 0] [-0.04494345552754765 0.2548870022441788 0.9659258262890683 0] [67.0925037986081 -380.5004970256791 103.5276180410083 1]",
    "B_05_18mm": "[-0.3303660895493525 0.9076733711903685 -0.25881904510252074 0] [-0.9396926207859082 -0.3420201433256691 0.0 0] [-0.08852132690137696 0.2432103468016939 0.9659258262890683 0] [132.14643581974096 -363.0693484761474 103.5276180410083 1]",
    "B_06_18mm": "[-0.4829629131445344 0.8365163037378078 -0.25881904510252074 0] [-0.8660254037844386 -0.5000000000000002 0.0 0] [-0.12940952255126043 0.22414386804201336 0.9659258262890683 0] [193.1851652578137 -334.6065214951231 103.5276180410083 1]",
    "B_07_18mm": "[-0.6208851530148457 0.739942111693848 -0.25881904510252074 0] [-0.766044443118978 -0.6427876096865394 0.0 0] [-0.16636567534280192 0.19826689127414615 0.9659258262890683 0] [248.3540612059382 -295.97684467753925 103.5276180410083 1]",
    "B_08_18mm": "[-0.7399421116938479 0.6208851530148458 -0.25881904510252074 0] [-0.6427876096865395 -0.7660444431189779 0.0 0] [-0.19826689127414612 0.16636567534280194 0.9659258262890683 0] [295.97684467753913 -248.35406120593834 103.5276180410083 1]",
    "B_09_18mm": "[-0.8365163037378077 0.4829629131445345 -0.25881904510252074 0] [-0.5000000000000003 -0.8660254037844385 0.0 0] [-0.22414386804201333 0.12940952255126045 0.9659258262890683 0] [334.60652149512305 -193.18516525781382 103.5276180410083 1]",
    "B_10_18mm": "[-0.9076733711903687 0.3303660895493519 -0.25881904510252074 0] [-0.3420201433256685 -0.9396926207859084 0.0 0] [-0.24321034680169396 0.0885213269013768 0.9659258262890683 0] [363.06934847614747 -132.1464358197408 103.5276180410083 1]",
    "B_11_18mm": "[-0.9512512425641977 0.16773125949652057 -0.25881904510252074 0] [-0.17364817766693028 -0.984807753012208 0.0 0] [-0.25488700224417876 0.04494345552754776 0.9659258262890683 0] [380.50049702567907 -67.09250379860826 103.5276180410083 1]",
    "B_12_18mm": "[-0.9659258262890683 1.1829179713786698e-16 -0.25881904510252074 0] [-1.2246467991473532e-16 -1.0 0.0 0] [-0.25881904510252074 3.169619151431765e-17 0.9659258262890683 0] [386.3703305156273 -9.463343771029358e-14 103.5276180410083 1]"
}