{
    "C_01_18mm": "[-0.7544065067354889 -0.13302222155948895 -0.6427876096865393 0] [0.17364817766693028 -0.984807753012208 0.0 0] [-0.633022221559489 -0.1116188970489496 0.766044443118978 0] [377.2032533677445 66.5111107797445 321.3938048432696 1]",
    "C_02_18mm": "[-0.7198463103929541 -0.2620026302293851 -0.6427876096865393 0] [0.3420201433256689 -0.9396926207859083 0.0 0] [-0.6040227735550536 -0.21984631039295427 0.766044443118978 0] [359.9231551964771 131.00131511469246 321.3938048432696 1]",
    "C_03_18mm": "[-0.6634139481689384 -0.38302222155948895 -0.6427876096865393 0] [0.49999999999999994 -0.8660254037844387 0.0 0] [-0.5566703992264194 -0.32139380484326957 0.766044443118978 0] [331.7069740844692 191.51111077974448 321.3938048432696 1]",
    "C_04_18mm": "[-0.5868240888334653 -0.4924038765061039 -0.6427876096865393 0] [0.6427876096865391 -0.7660444431189782 0.0 0] [-0.4924038765061041 -0.4131759111665347 0.766044443118978 0] [293.4120444167326 246.201938253052 321.3938048432696 1]",
    "C_05_18mm": "[-0.49240387650610407 -0.5868240888334652 -0.6427876096865393 0] [0.766044443118978 -0.6427876096865394 0.0 0] [-0.4131759111665348 -0.49240387650610395 0.766044443118978 0] [246.20193825305202 293.4120444167326 321.3938048432696 1]",
    "C_06_18mm": "[-0.3830222215594892 -0.6634139481689384 -0.6427876096865393 0] [0.8660254037844386 -0.5000000000000002 0.0 0] [-0.3213938048432698 -0.5566703992264193 0.766044443118978 0] [191.51111077974454 331.7069740844692 321.3938048432696 1]",
    "C_07_18mm": "[-0.2620026302293851 -0.7198463103929541 -0.6427876096865393 0] [0.9396926207859083 -0.34202014332566893 0.0 0] [-0.2198463103929543 -0.6040227735550536 0.766044443118978 0] [131.00131511469252 359.92315519647707 321.3938048432696 1]",
    "C_08_18mm": "[-0.13302222155948915 -0.7544065067354889 -0.6427876096865393 0] [0.984807753012208 -0.17364817766693053 0.0 0] [-0.11161889704894976 -0.633022221559489 0.766044443118978 0] [66.51111077974454 377.2032533677445 321.3938048432696 1]",
    "C_09_18mm": "[-1.2318934196385545e-16 -0.766044443118978 -0.6427876096865393 0] [1.0 -1.6081226496766366e-16 0.0 0] [-1.0336813140684292e-16 -0.6427876096865393 0.766044443118978 0] [2.345334688175683e-14 383.022221559489 321.3938048432696 1]",
    "C_10_18mm": "[0.13302222155948906 -0.7544065067354889 -0.6427876096865393 0] [0.984807753012208 0.17364817766693041 0.0 0] [0.11161889704894969 -0.633022221559489 0.766044443118978 0] [-66.5111107797445 377.2032533677445 321.3938048432696 1]",
    "C_11_18mm": "[0.26200263022938486 -0.7198463103929542 -0.6427876096865393 0] [0.9396926207859084 0.3420201433256686 0.0 0] [0.21984631039295408 -0.6040227735550536 0.766044443118978 0] [-131.00131511469246 359.9231551964771 321.3938048432696 1]",
    "C_12_18mm": "[0.3830222215594889 -0.6634139481689384 -0.6427876096865393 0] [0.8660254037844387 0.4999999999999999 0.0 0] [0.32139380484326957 -0.5566703992264194 0.766044443118978 0] [-191.51111077974443 331.7069740844692 321.3938048432696 1]",
    "A_01_18mm": "[0.49240387650610395 -0.5868240888334653 -0.6427876096865393 0] [0.7660444431189781 0.6427876096865393 0.0 0] [0.41317591116653474 -0.492403876506104 0.766044443118978 0] [-246.20193825305202 293.4120444167326 321.3938048432696 1]",
    "A_02_18mm": "[0.586824088833465 -0.4924038765061041 -0.6427876096865393 0] [0.6427876096865395 0.7660444431189779 0.0 0] [0.4924038765061039 -0.41317591116653485 0.766044443118978 0] [-293.41204441673256 246.20193825305208 321.3938048432696 1]",
    "A_03_18mm": "[0.6634139481689384 -0.38302222155948895 -0.6427876096865393 0] [0.49999999999999994 0.8660254037844387 0.0 0] [0.5566703992264194 -0.32139380484326957 0.766044443118978 0] [-331.7069740844692 191.51111077974448 321.3938048432696 1]",
    "A_04_18mm": "[0.7198463103929541 -0.2620026302293851 -0.6427876096865393 0] [0.34202014332566893 0.9396926207859083 0.0 0] [0.6040227735550536 -0.2198463103929543 0.766044443118978 0] [-359.92315519647707 131.00131511469255 321.3938048432696 1]",
    "A_05_18mm": "[0.7544065067354889 -0.13302222155948898 -0.6427876096865393 0] [0.1736481776669303 0.984807753012208 0.0 0] [0.633022221559489 -0.11161889704894962 0.766044443118978 0] [-377.2032533677445 66.51111077974448 321.3938048432696 1]",
    "A_06_18mm": "[0.766044443118978 -9.381338752702733e-17 -0.6427876096865393 0] [1.2246467991473535e-16 1.0 0.0 0] [0.6427876096865393 -7.871877887341986e-17 0.766044443118978 0] [-383.022221559489 4.690669376351366e-14 321.3938048432696 1]",
    "A_07_18mm": "[0.7544065067354889 0.13302222155948912 -0.6427876096865393 0] [-0.1736481776669305 0.984807753012208 0.0 0] [0.633022221559489 0.11161889704894974 0.766044443118978 0] [-377.2032533677445 -66.51111077974456 321.3938048432696 1]",
    "A_08_18mm": "[0.7198463103929542 0.2620026302293849 -0.6427876096865393 0] [-0.34202014332566866 0.9396926207859084 0.0 0] [0.6040227735550536 0.21984631039295413 0.766044443118978 0] [-359.9231551964771 -131.00131511469246 321.3938048432696 1]",
    "A_09_18mm": "[0.6634139481689384 0.3830222215594891 -0.6427876096865393 0] [-0.5000000000000001 0.8660254037844386 0.0 0] [0.5566703992264193 0.3213938048432697 0.766044443118978 0] [-331.7069740844692 -191.51111077974454 321.3938048432696 1]",
    "A_10_18mm": "[0.5868240888334652 0.49240387650610395 -0.6427876096865393 0] [-0.6427876096865393 0.766044443118978 0.0 0] [0.49240387650610395 0.41317591116653474 0.766044443118978 0] [-293.4120444167326 -246.201938253052 321.3938048432696 1]",
    "A_11_18mm": "[0.4924038765061041 0.586824088833465 -0.6427876096865393 0] [-0.7660444431189779 0.6427876096865395 0.0 0] [0.41317591116653485 0.4924038765061039 0.766044443118978 0] [-246.20193825305208 -293.41204441673256 321.3938048432696 1]",
    "A_12_18mm": "[0.38302222155948934 0.6634139481689382 -0.6427876096865393 0] [-0.8660254037844384 0.5000000000000004 0.0 0] [0.3213938048432699 0.5566703992264191 0.766044443118978 0] [-191.51111077974468 -331.70697408446915 321.3938048432696 1]",
    "B_01_18mm": "[0.26200263022938486 0.7198463103929542 -0.6427876096865393 0] [-0.9396926207859084 0.3420201433256686 0.0 0] [0.21984631039295408 0.6040227735550536 0.766044443118978 0] [-131.0013151146924 -359.9231551964771 321.3938048432696 1]",
    "B_02_18mm": "[0.13302222155948906 0.7544065067354889 -0.6427876096865393 0] [-0.984807753012208 0.17364817766693041 0.0 0] [0.11161889704894969 0.633022221559489 0.766044443118978 0] [-66.5111107797445 -377.2032533677445 321.3938048432696 1]",
    "B_03_18mm": "[2.1700272949088276e-16 0.766044443118978 -0.6427876096865393 0] [-1.0 2.83276944882399e-16 0.0 0] [1.8208691028026276e-16 0.6427876096865393 0.766044443118978 0] [-7.036004064527048e-14 -383.022221559489 321.3938048432696 1]",
    "B_04_18mm": "[-0.1330222215594888 0.754406506735489 -0.6427876096865393 0] [-0.9848077530122081 -0.17364817766693008 0.0 0] [-0.11161889704894948 0.633022221559489 0.766044443118978 0] [66.51111077974437 -377.20325336774454 321.3938048432696 1]",
    "B_05_18mm": "[-0.2620026302293851 0.7198463103929541 -0.6427876096865393 0] [-0.9396926207859083 -0.34202014332566893 0.0 0] [-0.2198463103929543 0.6040227735550536 0.766044443118978 0] [131.00131511469257 -359.92315519647707 321.3938048432696 1]",
    "B_06_18mm": "[-0.3830222215594892 0.6634139481689384 -0.6427876096865393 0] [-0.8660254037844386 -0.5000000000000002 0.0 0] [-0.3213938048432698 0.5566703992264193 0.766044443118978 0] [191.51111077974454 -331.7069740844692 321.3938048432696 1]",
    "B_07_18mm": "[-0.49240387650610407 0.5868240888334652 -0.6427876096865393 0] [-0.766044443118978 -0.6427876096865394 0.0 0] [-0.4131759111665348 0.49240387650610395 0.766044443118978 0] [246.201938253052 -293.4120444167326 321.3938048432696 1]",
    "B_08_18mm": "[-0.586824088833465 0.4924038765061041 -0.6427876096865393 0] [-0.6427876096865395 -0.7660444431189779 0.0 0] [-0.4924038765061039 0.41317591116653485 0.766044443118978 0] [293.4120444167325 -246.2019382530521 321.3938048432696 1]",
    "B_09_18mm": "[-0.6634139481689383 0.3830222215594893 -0.6427876096865393 0] [-0.5000000000000003 -0.8660254037844385 0.0 0] [-0.5566703992264191 0.32139380484326985 0.766044443118978 0] [331.7069740844691 -191.51111077974468 321.3938048432696 1]",
    "B_10_18mm": "[-0.7198463103929542 0.26200263022938475 -0.6427876096865393 0] [-0.3420201433256685 -0.9396926207859084 0.0 0] [-0.6040227735550536 0.21984631039295402 0.766044443118978 0] [359.9231551964771 -131.00131511469243 321.3938048432696 1]",
    "B_11_18mm": "[-0.7544065067354889 0.13302222155948895 -0.6427876096865393 0] [-0.17364817766693028 -0.984807753012208 0.0 0] [-0.633022221559489 0.1116188970489496 0.766044443118978 0] [377.2032533677445 -66.51111077974453 321.3938048432696 1]",
    "B_12_18mm": "[-0.766044443118978 9.381338752702731e-17 -0.6427876096865393 0] [-1.2246467991473532e-16 -1.0 0.0 0] [-0.6427876096865393 7.871877887341985e-17 0.766044443118978 0] [383.022221559489 -9.381338752702731e-14 321.3938048432696 1]"
}