{
    "C_01_18mm": "[-0.8067072841115988 -0.14224425972292398 -0.573576436351046 0] [0.17364817766693028 -0.984807753012208 0.0 0] [-0.5648625214636234 -0.09960050292505117 0.8191520442889918 0] [484.0243704669592 85.34655583375442 344.14586181062765 1]",
    "C_02_18mm": "[-0.7697511313200571 -0.28016649959323564 -0.573576436351046 0] [0.3420201433256689 -0.9396926207859083 0.0 0] [-0.5389855446957562 -0.19617469496901116 0.8191520442889918 0] [461.85067879203433 168.0998997559413 344.14586181062765 1]",
    "C_03_18mm": "[-0.7094064799162225 -0.40957602214449584 -0.573576436351046 0] [0.49999999999999994 -0.8660254037844387 0.0 0] [-0.49673176489215404 -0.28678821817552297 0.8191520442889918 0] [425.64388794973354 245.7456132866975 344.14586181062765 1]",
    "C_04_18mm": "[-0.6275068715971334 -0.5265407845183631 -0.573576436351046 0] [0.6427876096865391 -0.7660444431189782 0.0 0] [-0.43938504177070514 -0.36868782649461224 0.8191520442889918 0] [376.5041229582799 315.9244707110179 344.14586181062765 1]",
    "C_05_18mm": "[-0.5265407845183633 -0.6275068715971331 -0.573576436351046 0] [0.766044443118978 -0.6427876096865394 0.0 0] [-0.3686878264946124 -0.43938504177070503 0.8191520442889918 0] [315.92447071101793 376.5041229582799 344.14586181062765 1]",
    "C_06_18mm": "[-0.40957602214449607 -0.7094064799162224 -0.573576436351046 0] [0.8660254037844386 -0.5000000000000002 0.0 0] [-0.28678821817552314 -0.496731764892154 0.8191520442889918 0] [245.7456132866976 425.6438879497335 344.14586181062765 1]",
    "C_07_18mm": "[-0.2801664995932357 -0.7697511313200571 -0.573576436351046 0] [0.9396926207859083 -0.34202014332566893 0.0 0] [-0.1961746949690112 -0.5389855446957562 0.8191520442889918 0] [168.09989975594135 461.8506787920343 344.14586181062765 1]",
    "C_08_18mm": "[-0.142244259722924 -0.8067072841115988 -0.573576436351046 0] [0.984807753012208 -0.1736481776669303 0.0 0] [-0.09960050292505118 -0.5648625214636234 0.8191520442889918 0] [85.34655583375445 484.0243704669592 344.14586181062765 1]",
    "C_09_18mm": "[-1.317296955950047e-16 -0.8191520442889918 -0.573576436351046 0] [1.0 -1.6081226496766366e-16 0.0 0] [-9.223812586169269e-17 -0.573576436351046 0.8191520442889918 0] [3.0095157871605744e-14 491.49122657339507 344.14586181062765 1]",
    "C_10_18mm": "[0.14224425972292393 -0.8067072841115989 -0.573576436351046 0] [0.9848077530122081 0.17364817766693022 0.0 0] [0.09960050292505114 -0.5648625214636235 0.8191520442889918 0] [-85.34655583375441 484.0243704669592 344.14586181062765 1]",
    "C_11_18mm": "[0.2801664995932356 -0.7697511313200571 -0.573576436351046 0] [0.9396926207859083 0.3420201433256688 0.0 0] [0.19617469496901113 -0.5389855446957562 0.8191520442889918 0] [-168.0998997559413 461.85067879203433 344.14586181062765 1]",
    "C_12_18mm": "[0.4095760221444957 -0.7094064799162226 -0.573576436351046 0] [0.8660254037844388 0.4999999999999997 0.0 0] [0.28678821817552286 -0.49673176489215415 0.8191520442889918 0] [-245.74561328669742 425.64388794973354 344.14586181062765 1]",
    "A_01_18mm": "[0.5265407845183633 -0.6275068715971331 -0.573576436351046 0] [0.766044443118978 0.6427876096865394 0.0 0] [0.3686878264946124 -0.43938504177070503 0.8191520442889918 0] [-315.92447071101793 376.5041229582799 344.14586181062765 1]",
    "A_02_18mm": "[0.6275068715971329 -0.5265407845183635 -0.573576436351046 0] [0.6427876096865397 0.7660444431189778 0.0 0] [0.43938504177070487 -0.36868782649461257 0.8191520442889918 0] [-376.5041229582798 315.924470711018 344.14586181062765 1]",
    "A_03_18mm": "[0.7094064799162225 -0.4095760221444958 -0.573576436351046 0] [0.49999999999999983 0.8660254037844387 0.0 0] [0.49673176489215404 -0.2867882181755229 0.8191520442889918 0] [-425.64388794973354 245.7456132866975 344.14586181062765 1]",
    "A_04_18mm": "[0.7697511313200571 -0.2801664995932357 -0.573576436351046 0] [0.34202014332566893 0.9396926207859083 0.0 0] [0.5389855446957562 -0.1961746949690112 0.8191520442889918 0] [-461.8506787920343 168.09989975594138 344.14586181062765 1]",
    "A_05_18mm": "[0.8067072841115988 -0.142244259722924 -0.573576436351046 0] [0.1736481776669303 0.984807753012208 0.0 0] [0.5648625214636234 -0.09960050292505118 0.8191520442889918 0] [-484.0243704669592 85.3465558337544 344.14586181062765 1]",
    "A_06_18mm": "[0.8191520442889918 -1.0031719290535249e-16 -0.573576436351046 0] [1.2246467991473535e-16 1.0 0.0 0] [0.573576436351046 -7.024285468436542e-17 0.8191520442889918 0] [-491.49122657339507 6.019031574321149e-14 344.14586181062765 1]",
    "A_07_18mm": "[0.8067072841115988 0.14224425972292415 -0.573576436351046 0] [-0.17364817766693047 0.984807753012208 0.0 0] [0.5648625214636234 0.09960050292505128 0.8191520442889918 0] [-484.0243704669592 -85.34655583375448 344.14586181062765 1]",
    "A_08_18mm": "[0.7697511313200572 0.2801664995932355 -0.573576436351046 0] [-0.34202014332566866 0.9396926207859084 0.0 0] [0.5389855446957562 0.19617469496901105 0.8191520442889918 0] [-461.85067879203433 -168.09989975594127 344.14586181062765 1]",
    "A_09_18mm": "[0.7094064799162224 0.4095760221444959 -0.573576436351046 0] [-0.5 0.8660254037844386 0.0 0] [0.496731764892154 0.286788218175523 0.8191520442889918 0] [-425.6438879497335 -245.7456132866976 344.14586181062765 1]",
    "A_10_18mm": "[0.6275068715971331 0.5265407845183632 -0.573576436351046 0] [-0.6427876096865393 0.766044443118978 0.0 0] [0.43938504177070503 0.3686878264946123 0.8191520442889918 0] [-376.5041229582799 -315.9244707110179 344.14586181062765 1]",
    "A_11_18mm": "[0.5265407845183634 0.627506871597133 -0.573576436351046 0] [-0.7660444431189779 0.6427876096865395 0.0 0] [0.36868782649461246 0.4393850417707049 0.8191520442889918 0] [-315.924470711018 -376.5041229582798 344.14586181062765 1]",
    "A_12_18mm": "[0.4095760221444963 0.7094064799162223 -0.573576436351046 0] [-0.8660254037844384 0.5000000000000004 0.0 0] [0.2867882181755233 0.49673176489215387 0.8191520442889918 0] [-245.74561328669776 -425.6438879497334 344.14586181062765 1]",
    "B_01_18mm": "[0.2801664995932354 0.7697511313200572 -0.573576436351046 0] [-0.9396926207859084 0.3420201433256686 0.0 0] [0.196174694969011 0.5389855446957562 0.8191520442889918 0] [-168.0998997559412 -461.85067879203433 344.14586181062765 1]",
    "B_02_18mm": "[0.1422442597229241 0.8067072841115988 -0.573576436351046 0] [-0.984807753012208 0.17364817766693041 0.0 0] [0.09960050292505125 0.5648625214636234 0.8191520442889918 0] [-85.34655583375442 -484.0243704669592 344.14586181062765 1]",
    "B_03_18mm": "[2.320468885003572e-16 0.8191520442889918 -0.573576436351046 0] [-1.0 2.83276944882399e-16 0.0 0] [1.624809805460581e-16 0.573576436351046 0.8191520442889918 0] [-9.028547361481721e-14 -491.49122657339507 344.14586181062765 1]",
    "B_04_18mm": "[-0.14224425972292365 0.8067072841115989 -0.573576436351046 0] [-0.9848077530122081 -0.17364817766692986 0.0 0] [-0.09960050292505093 0.5648625214636235 0.8191520442889918 0] [85.34655583375424 -484.0243704669593 344.14586181062765 1]",
    "B_05_18mm": "[-0.2801664995932357 0.7697511313200571 -0.573576436351046 0] [-0.9396926207859083 -0.34202014332566893 0.0 0] [-0.1961746949690112 0.5389855446957562 0.8191520442889918 0] [168.09989975594144 -461.8506787920343 344.14586181062765 1]",
    "B_06_18mm": "[-0.40957602214449607 0.7094064799162224 -0.573576436351046 0] [-0.8660254037844386 -0.5000000000000002 0.0 0] [-0.28678821817552314 0.496731764892154 0.8191520442889918 0] [245.7456132866976 -425.6438879497335 344.14586181062765 1]",
    "B_07_18mm": "[-0.5265407845183633 0.6275068715971331 -0.573576436351046 0] [-0.766044443118978 -0.6427876096865394 0.0 0] [-0.3686878264946124 0.43938504177070503 0.8191520442889918 0] [315.9244707110179 -376.50412295827994 344.14586181062765 1]",
    "B_08_18mm": "[-0.627506871597133 0.5265407845183634 -0.573576436351046 0] [-0.6427876096865395 -0.7660444431189779 0.0 0] [-0.4393850417707049 0.36868782649461246 0.8191520442889918 0] [376.50412295827977 -315.92447071101805 344.14586181062765 1]",
    "B_09_18mm": "[-0.7094064799162224 0.4095760221444962 -0.573576436351046 0] [-0.5000000000000003 -0.8660254037844385 0.0 0] [-0.4967317648921539 0.2867882181755232 0.8191520442889918 0] [425.64388794973337 -245.74561328669776 344.14586181062765 1]",
    "B_10_18mm": "[-0.7697511313200572 0.2801664995932353 -0.573576436351046 0] [-0.3420201433256685 -0.9396926207859084 0.0 0] [-0.5389855446957562 0.19617469496901094 0.8191520442889918 0] [461.85067879203433 -168.09989975594124 344.14586181062765 1]",
    "B_11_18mm": "[-0.8067072841115988 0.14224425972292398 -0.573576436351046 0] [-0.17364817766693028 -0.984807753012208 0.0 0] [-0.5648625214636234 0.09960050292505117 0.8191520442889918 0] [484.0243704669592 -85.34655583375445 344.14586181062765 1]",
    "B_12_18mm": "[-0.8191520442889918 1.0031719290535247e-16 -0.573576436351046 0] [-1.2246467991473532e-16 -1.0 0.0 0] [-0.573576436351046 7.024285468436541e-17 0.8191520442889918 0] [491.49122657339507 -1.2038063148642298e-13 344.14586181062765 1]"
}