{
    "C_01_18mm": "[-0.8925389352890299 -0.1573786956242626 -0.42261826174069944 0] [0.17364817766693028 -0.984807753012208 0.0 0] [-0.4161977407267834 -0.07338689100003822 0.9063077870366499 0] [357.01557411561197 62.951478249705055 169.04730469627978 1]",
    "C_02_18mm": "[-0.8516507396391464 -0.3099755192194448 -0.42261826174069944 0] [0.3420201433256689 -0.9396926207859083 0.0 0] [-0.3971312619671028 -0.14454395845259907 0.9063077870366499 0] [340.6602958556586 123.99020768777785 169.04730469627978 1]",
    "C_03_18mm": "[-0.7848855672213958 -0.4531538935183249 -0.42261826174069944 0] [0.49999999999999994 -0.8660254037844387 0.0 0] [-0.36599815077066683 -0.2113091308703497 0.9063077870366499 0] [313.9542268885583 181.26155740732995 169.04730469627978 1]",
    "C_04_18mm": "[-0.6942720440148841 -0.5825634160695852 -0.42261826174069944 0] [0.6427876096865391 -0.7660444431189782 0.0 0] [-0.3237443709670647 -0.27165378227418435 0.9063077870366499 0] [277.7088176059535 233.0253664278341 169.04730469627978 1]",
    "C_05_18mm": "[-0.5825634160695854 -0.6942720440148838 -0.42261826174069944 0] [0.766044443118978 -0.6427876096865394 0.0 0] [-0.27165378227418446 -0.3237443709670646 0.9063077870366499 0] [233.02536642783414 277.7088176059535 169.04730469627978 1]",
    "C_06_18mm": "[-0.4531538935183252 -0.7848855672213958 -0.42261826174069944 0] [0.8660254037844386 -0.5000000000000002 0.0 0] [-0.2113091308703498 -0.3659981507706668 0.9063077870366499 0] [181.26155740733 313.95422688855825 169.04730469627978 1]",
    "C_07_18mm": "[-0.30997551921944483 -0.8516507396391464 -0.42261826174069944 0] [0.9396926207859083 -0.34202014332566893 0.0 0] [-0.1445439584525991 -0.3971312619671028 0.9063077870366499 0] [123.9902076877779 340.66029585565855 169.04730469627978 1]",
    "C_08_18mm": "[-0.15737869562426263 -0.8925389352890299 -0.42261826174069944 0] [0.984807753012208 -0.1736481776669303 0.0 0] [-0.07338689100003823 -0.4161977407267834 0.9063077870366499 0] [62.95147824970508 357.01557411561197 169.04730469627978 1]",
    "C_09_18mm": "[-1.4574540799119464e-16 -0.9063077870366499 -0.42261826174069944 0] [1.0 -1.6081226496766366e-16 0.0 0] [-6.79621998872188e-17 -0.42261826174069944 0.9063077870366499 0] [2.2198138608735085e-14 362.52311481465995 169.04730469627978 1]",
    "C_10_18mm": "[0.15737869562426254 -0.89253893528903 -0.42261826174069944 0] [0.9848077530122081 0.17364817766693022 0.0 0] [0.0733868910000382 -0.41619774072678345 0.9063077870366499 0] [-62.95147824970504 357.01557411561197 169.04730469627978 1]",
    "C_11_18mm": "[0.3099755192194448 -0.8516507396391464 -0.42261826174069944 0] [0.9396926207859083 0.3420201433256688 0.0 0] [0.14454395845259904 -0.3971312619671028 0.9063077870366499 0] [-123.99020768777785 340.6602958556586 169.04730469627978 1]",
    "C_12_18mm": "[0.4531538935183247 -0.7848855672213959 -0.42261826174069944 0] [0.8660254037844388 0.4999999999999997 0.0 0] [0.2113091308703496 -0.3659981507706669 0.9063077870366499 0] [-181.2615574073299 313.9542268885583 169.04730469627978 1]",
    "A_01_18mm": "[0.5825634160695854 -0.6942720440148838 -0.42261826174069944 0] [0.766044443118978 0.6427876096865394 0.0 0] [0.27165378227418446 -0.3237443709670646 0.9063077870366499 0] [-233.02536642783414 277.7088176059535 169.04730469627978 1]",
    "A_02_18mm": "[0.6942720440148837 -0.5825634160695855 -0.42261826174069944 0] [0.6427876096865395 0.7660444431189779 0.0 0] [0.32374437096706454 -0.27165378227418446 0.9063077870366499 0] [-277.70881760595347 233.02536642783417 169.04730469627978 1]",
    "A_03_18mm": "[0.7848855672213958 -0.4531538935183249 -0.42261826174069944 0] [0.49999999999999994 0.8660254037844387 0.0 0] [0.36599815077066683 -0.2113091308703497 0.9063077870366499 0] [-313.9542268885583 181.26155740732995 169.04730469627978 1]",
    "A_04_18mm": "[0.8516507396391464 -0.30997551921944483 -0.42261826174069944 0] [0.34202014332566893 0.9396926207859083 0.0 0] [0.3971312619671028 -0.1445439584525991 0.9063077870366499 0] [-340.66029585565855 123.99020768777791 169.04730469627978 1]",
    "A_05_18mm": "[0.8925389352890299 -0.15737869562426263 -0.42261826174069944 0] [0.1736481776669303 0.984807753012208 0.0 0] [0.4161977407267834 -0.07338689100003823 0.9063077870366499 0] [-357.01557411561197 62.95147824970503 169.04730469627978 1]",
    "A_06_18mm": "[0.9063077870366499 -1.1099069304367545e-16 -0.42261826174069944 0] [1.2246467991473532e-16 1.0 0.0 0] [0.42261826174069944 -5.175581015019659e-17 0.9063077870366499 0] [-362.52311481465995 4.439627721747017e-14 169.04730469627978 1]",
    "A_07_18mm": "[0.8925389352890299 0.15737869562426277 -0.42261826174069944 0] [-0.17364817766693047 0.984807753012208 0.0 0] [0.4161977407267834 0.0733868910000383 0.9063077870366499 0] [-357.01557411561197 -62.951478249705104 169.04730469627978 1]",
    "A_08_18mm": "[0.8516507396391465 0.30997551921944455 -0.42261826174069944 0] [-0.3420201433256686 0.9396926207859084 0.0 0] [0.39713126196710286 0.14454395845259896 0.9063077870366499 0] [-340.6602958556586 -123.99020768777783 169.04730469627978 1]",
    "A_09_18mm": "[0.7848855672213958 0.45315389351832497 -0.42261826174069944 0] [-0.5 0.8660254037844386 0.0 0] [0.3659981507706668 0.21130913087034972 0.9063077870366499 0] [-313.95422688855825 -181.26155740733 169.04730469627978 1]",
    "A_10_18mm": "[0.694272044014884 0.5825634160695853 -0.42261826174069944 0] [-0.6427876096865393 0.7660444431189781 0.0 0] [0.32374437096706465 0.2716537822741844 0.9063077870366499 0] [-277.7088176059535 -233.0253664278341 169.04730469627978 1]",
    "A_11_18mm": "[0.5825634160695855 0.6942720440148837 -0.42261826174069944 0] [-0.7660444431189779 0.6427876096865395 0.0 0] [0.27165378227418446 0.32374437096706454 0.9063077870366499 0] [-233.02536642783417 -277.70881760595347 169.04730469627978 1]",
    "A_12_18mm": "[0.45315389351832536 0.7848855672213956 -0.42261826174069944 0] [-0.8660254037844384 0.5000000000000004 0.0 0] [0.21130913087034991 0.3659981507706667 0.9063077870366499 0] [-181.26155740733014 -313.95422688855825 169.04730469627978 1]",
    "B_01_18mm": "[0.30997551921944455 0.8516507396391465 -0.42261826174069944 0] [-0.9396926207859084 0.3420201433256686 0.0 0] [0.14454395845259896 0.39713126196710286 0.9063077870366499 0] [-123.99020768777778 -340.6602958556586 169.04730469627978 1]",
    "B_02_18mm": "[0.1573786956242627 0.8925389352890299 -0.42261826174069944 0] [-0.984807753012208 0.17364817766693041 0.0 0] [0.07338689100003827 0.4161977407267834 0.9063077870366499 0] [-62.951478249705055 -357.01557411561197 169.04730469627978 1]",
    "B_03_18mm": "[2.5673610103487006e-16 0.9063077870366499 -0.42261826174069944 0] [-1.0 2.83276944882399e-16 0.0 0] [1.197180100374154e-16 0.42261826174069944 0.9063077870366499 0] [-6.659441582620526e-14 -362.52311481465995 169.04730469627978 1]",
    "B_04_18mm": "[-0.1573786956242622 0.89253893528903 -0.42261826174069944 0] [-0.9848077530122081 -0.17364817766692986 0.0 0] [-0.07338689100003805 0.41619774072678345 0.9063077870366499 0] [62.95147824970492 -357.015574115612 169.04730469627978 1]",
    "B_05_18mm": "[-0.30997551921944483 0.8516507396391464 -0.42261826174069944 0] [-0.9396926207859083 -0.34202014332566893 0.0 0] [-0.1445439584525991 0.3971312619671028 0.9063077870366499 0] [123.99020768777795 -340.66029585565855 169.04730469627978 1]",
    "B_06_18mm": "[-0.4531538935183252 0.7848855672213958 -0.42261826174069944 0] [-0.8660254037844386 -0.5000000000000002 0.0 0] [-0.2113091308703498 0.3659981507706668 0.9063077870366499 0] [181.26155740733 -313.95422688855825 169.04730469627978 1]",
    "B_07_18mm": "[-0.5825634160695854 0.6942720440148838 -0.42261826174069944 0] [-0.766044443118978 -0.6427876096865394 0.0 0] [-0.27165378227418446 0.3237443709670646 0.9063077870366499 0] [233.0253664278341 -277.7088176059535 169.04730469627978 1]",
    "B_08_18mm": "[-0.6942720440148834 0.5825634160695857 -0.42261826174069944 0] [-0.6427876096865398 -0.7660444431189776 0.0 0] [-0.32374437096706443 0.27165378227418463 0.9063077870366499 0] [277.7088176059534 -233.02536642783423 169.04730469627978 1]",
    "B_09_18mm": "[-0.7848855672213957 0.45315389351832525 -0.42261826174069944 0] [-0.5000000000000003 -0.8660254037844385 0.0 0] [-0.3659981507706667 0.21130913087034986 0.9063077870366499 0] [313.9542268885582 -181.26155740733014 169.04730469627978 1]",
    "B_10_18mm": "[-0.8516507396391465 0.30997551921944444 -0.42261826174069944 0] [-0.3420201433256685 -0.9396926207859084 0.0 0] [-0.39713126196710286 0.1445439584525989 0.9063077870366499 0] [340.6602958556586 -123.99020768777781 169.04730469627978 1]",
    "B_11_18mm": "[-0.8925389352890299 0.1573786956242626 -0.42261826174069944 0] [-0.17364817766693028 -0.984807753012208 0.0 0] [-0.4161977407267834 0.07338689100003822 0.9063077870366499 0] [357.01557411561197 -62.951478249705076 169.04730469627978 1]",
    "B_12_18mm": "[-0.9063077870366499 1.1099069304367545e-16 -0.42261826174069944 0] [-1.2246467991473532e-16 -1.0 0.0 0] [-0.42261826174069944 5.175581015019659e-17 0.9063077870366499 0] [362.52311481465995 -8.879255443494034e-14 169.04730469627978 1]"
}